 &plot nbnd=   8, nks=   161 /
            0.000000  0.000000  0.000000
   -3.413   20.188   20.188   20.188   21.410   21.410   21.410   24.237
            0.000000  0.000000  0.025000
   -3.408   20.086   20.086   20.143   21.397   21.520   21.520   24.293
            0.000000  0.000000  0.050000
   -3.391   19.847   19.847   20.016   21.356   21.783   21.783   24.454
            0.000000  0.000000  0.075000
   -3.363   19.554   19.554   19.822   21.290   22.115   22.115   24.703
            0.000000  0.000000  0.100000
   -3.323   19.244   19.244   19.582   21.199   22.481   22.481   25.022
            0.000000  0.000000  0.125000
   -3.273   18.929   18.929   19.310   21.088   22.866   22.866   25.204
            0.000000  0.000000  0.150000
   -3.211   18.616   18.616   19.020   20.957   23.264   23.264   24.643
            0.000000  0.000000  0.175000
   -3.138   18.308   18.308   18.719   20.809   23.672   23.672   24.049
            0.000000  0.000000  0.200000
   -3.054   18.006   18.006   18.413   20.648   23.434   24.088   24.088
            0.000000  0.000000  0.225000
   -2.958   17.712   17.712   18.106   20.474   22.807   24.510   24.510
            0.000000  0.000000  0.250000
   -2.852   17.425   17.425   17.802   20.291   22.173   24.936   24.936
            0.000000  0.000000  0.275000
   -2.734   17.147   17.147   17.503   20.099   21.537   25.365   25.365
            0.000000  0.000000  0.300000
   -2.605   16.878   16.878   17.209   19.897   20.906   25.796   25.796
            0.000000  0.000000  0.325000
   -2.465   16.617   16.617   16.922   19.673   20.294   26.228   26.228
            0.000000  0.000000  0.350000
   -2.315   16.366   16.366   16.643   19.369   19.763   26.659   26.659
            0.000000  0.000000  0.375000
   -2.153   16.124   16.124   16.372   18.867   19.434   27.087   27.087
            0.000000  0.000000  0.400000
   -1.980   15.891   15.891   16.110   18.271   19.206   27.512   27.512
            0.000000  0.000000  0.425000
   -1.796   15.667   15.667   15.858   17.658   19.002   27.931   27.931
            0.000000  0.000000  0.450000
   -1.602   15.453   15.453   15.615   17.045   18.807   28.343   28.343
            0.000000  0.000000  0.475000
   -1.396   15.248   15.248   15.382   16.435   18.620   28.605   28.747
            0.000000  0.000000  0.500000
   -1.180   15.052   15.052   15.160   15.830   18.439   28.794   29.142
            0.000000  0.000000  0.525000
   -0.953   14.867   14.867   14.947   15.232   18.264   28.991   29.526
            0.000000  0.000000  0.550000
   -0.716   14.641   14.690   14.690   14.745   18.095   29.195   29.898
            0.000000  0.000000  0.575000
   -0.467   14.057   14.523   14.523   14.553   17.934   29.406   30.259
            0.000000  0.000000  0.600000
   -0.209   13.482   14.366   14.366   14.372   17.780   29.624   30.607
            0.000000  0.000000  0.625000
    0.060   12.914   14.202   14.218   14.218   17.634   29.847   30.943
            0.000000  0.000000  0.650000
    0.340   12.355   14.042   14.080   14.080   17.495   30.074   31.267
            0.000000  0.000000  0.675000
    0.629   11.805   13.894   13.951   13.951   17.365   30.305   31.578
            0.000000  0.000000  0.700000
    0.929   11.264   13.756   13.832   13.832   17.243   30.539   31.877
            0.000000  0.000000  0.725000
    1.238   10.731   13.629   13.722   13.722   17.131   30.773   32.163
            0.000000  0.000000  0.750000
    1.558   10.209   13.513   13.622   13.622   17.027   31.006   32.436
            0.000000  0.000000  0.775000
    1.886    9.696   13.408   13.531   13.531   16.932   31.235   32.694
            0.000000  0.000000  0.800000
    2.224    9.193   13.314   13.450   13.450   16.848   31.458   32.937
            0.000000  0.000000  0.825000
    2.570    8.701   13.231   13.379   13.379   16.772   31.672   33.163
            0.000000  0.000000  0.850000
    2.924    8.221   13.159   13.317   13.317   16.707   31.872   33.368
            0.000000  0.000000  0.875000
    3.284    7.754   13.098   13.265   13.265   16.651   32.054   33.551
            0.000000  0.000000  0.900000
    3.647    7.304   13.048   13.222   13.222   16.605   32.213   33.707
            0.000000  0.000000  0.925000
    4.008    6.875   13.009   13.188   13.188   16.570   32.345   33.834
            0.000000  0.000000  0.950000
    4.351    6.483   12.981   13.165   13.165   16.544   32.443   33.928
            0.000000  0.000000  0.975000
    4.638    6.167   12.964   13.150   13.150   16.529   32.504   33.985
            0.000000  0.000000  1.000000
    4.765    6.030   12.959   13.146   13.146   16.524   32.524   34.004
           -0.012500  0.000000  1.000000
    4.767    6.031   12.826   13.134   13.281   16.537   32.517   33.986
           -0.025000  0.000000  1.000000
    4.771    6.036   12.632   13.100   13.483   16.577   32.495   33.933
           -0.037500 -0.000000  1.000000
    4.777    6.042   12.434   13.046   13.694   16.642   32.458   33.845
           -0.050000 -0.000000  1.000000
    4.786    6.052   12.237   12.973   13.908   16.729   32.407   33.726
           -0.062500  0.000000  1.000000
    4.798    6.064   12.042   12.884   14.127   16.837   32.342   33.578
           -0.075000  0.000000  1.000000
    4.812    6.079   11.850   12.781   14.348   16.962   32.263   33.405
           -0.087500  0.000000  1.000000
    4.828    6.097   11.660   12.668   14.571   17.102   32.170   33.208
           -0.100000 -0.000000  1.000000
    4.848    6.118   11.472   12.546   14.798   17.255   32.063   32.992
           -0.112500 -0.000000  1.000000
    4.870    6.141   11.287   12.416   15.027   17.419   31.944   32.759
           -0.125000  0.000000  1.000000
    4.894    6.167   11.104   12.281   15.259   17.593   31.813   32.511
           -0.137500  0.000000  1.000000
    4.921    6.196   10.924   12.142   15.493   17.775   31.669   32.251
           -0.150000  0.000000  1.000000
    4.951    6.227   10.746   12.000   15.730   17.964   31.515   31.980
           -0.162500 -0.000000  1.000000
    4.983    6.261   10.571   11.856   15.969   18.159   31.350   31.701
           -0.175000 -0.000000  1.000000
    5.018    6.298   10.399   11.711   16.211   18.360   31.175   31.414
           -0.187500  0.000000  1.000000
    5.055    6.337   10.229   11.564   16.455   18.565   30.991   31.120
           -0.200000  0.000000  1.000000
    5.095    6.379   10.062   11.417   16.702   18.775   30.798   30.821
           -0.212500  0.000000  1.000000
    5.138    6.424    9.897   11.270   16.951   18.989   30.518   30.598
           -0.225000 -0.000000  1.000000
    5.183    6.471    9.735   11.124   17.203   19.206   30.211   30.390
           -0.237500 -0.000000  1.000000
    5.231    6.521    9.576   10.978   17.457   19.426   29.902   30.177
           -0.250000  0.000000  1.000000
    5.281    6.573    9.419   10.833   17.714   19.649   29.590   29.957
           -0.262500  0.000000  1.000000
    5.334    6.628    9.265   10.689   17.973   19.874   29.276   29.733
           -0.275000  0.000000  1.000000
    5.389    6.686    9.113   10.546   18.235   20.102   28.960   29.504
           -0.287500 -0.000000  1.000000
    5.447    6.746    8.964   10.405   18.499   20.332   28.644   29.271
           -0.300000  0.000000  1.000000
    5.508    6.808    8.818   10.266   18.765   20.563   28.327   29.035
           -0.312500  0.000000  1.000000
    5.571    6.873    8.674   10.129   19.034   20.796   28.009   28.796
           -0.325000  0.000000  1.000000
    5.637    6.940    8.533    9.994   19.305   21.030   27.692   28.555
           -0.337500  0.000000  1.000000
    5.705    7.010    8.394    9.861   19.578   21.264   27.374   28.313
           -0.350000 -0.000000  1.000000
    5.776    7.081    8.258    9.730   19.854   21.499   27.057   28.071
           -0.362500  0.000000  1.000000
    5.850    7.155    8.125    9.602   20.132   21.733   26.740   27.828
           -0.375000  0.000000  1.000000
    5.926    7.230    7.994    9.476   20.412   21.967   26.424   27.587
           -0.387500  0.000000  1.000000
    6.005    7.307    7.866    9.354   20.694   22.199   26.109   27.347
           -0.400000  0.000000  1.000000
    6.086    7.385    7.741    9.235   20.979   22.428   25.795   27.111
           -0.412500 -0.000000  1.000000
    6.170    7.464    7.618    9.120   21.265   22.652   25.482   26.879
           -0.425000  0.000000  1.000000
    6.256    7.497    7.543    9.010   21.554   22.870   25.170   26.656
           -0.437500  0.000000  1.000000
    6.346    7.380    7.621    8.906   21.845   23.077   24.859   26.443
           -0.450000  0.000000  1.000000
    6.437    7.265    7.695    8.810   22.138   23.269   24.550   26.246
           -0.462500  0.000000  1.000000
    6.532    7.152    7.764    8.724   22.433   23.439   24.243   26.072
           -0.475000 -0.000000  1.000000
    6.628    7.042    7.821    8.655   22.730   23.576   23.937   25.933
           -0.487500  0.000000  1.000000
    6.728    6.935    7.861    8.608   23.029   23.632   23.666   25.841
           -0.500000  0.000000  1.000000
    6.830    6.830    7.875    8.591   23.330   23.330   23.698   25.808
           -0.500000 -0.012500  0.987500
    6.792    6.807    7.919    8.619   23.258   23.316   23.775   25.824
           -0.500000 -0.025000  0.975000
    6.692    6.741    8.034    8.699   23.116   23.277   23.930   25.871
           -0.500000 -0.037500  0.962500
    6.557    6.643    8.195    8.821   22.959   23.215   24.108   25.946
           -0.500000 -0.050000  0.950000
    6.404    6.521    8.385    8.976   22.800   23.134   24.298   26.045
           -0.500000 -0.062500  0.937500
    6.244    6.385    8.592    9.155   22.643   23.037   24.494   26.164
           -0.500000 -0.075000  0.925000
    6.081    6.241    8.813    9.352   22.489   22.930   24.696   26.297
           -0.500000 -0.087500  0.912500
    5.919    6.092    9.043    9.563   22.338   22.814   24.903   26.443
           -0.500000 -0.100000  0.900000
    5.758    5.942    9.282    9.785   22.191   22.694   25.115   26.597
           -0.500000 -0.112500  0.887500
    5.601    5.791    9.527   10.016   22.049   22.569   25.331   26.756
           -0.500000 -0.125000  0.875000
    5.447    5.642    9.780   10.256   21.910   22.443   25.551   26.918
           -0.500000 -0.137500  0.862500
    5.298    5.495   10.039   10.502   21.776   22.316   25.776   27.079
           -0.500000 -0.150000  0.850000
    5.153    5.351   10.304   10.756   21.646   22.189   26.004   27.237
           -0.500000 -0.162500  0.837500
    5.012    5.210   10.575   11.014   21.520   22.063   26.236   27.387
           -0.500000 -0.175000  0.825000
    4.876    5.073   10.851   11.279   21.399   21.939   26.472   27.524
           -0.500000 -0.187500  0.812500
    4.745    4.940   11.132   11.548   21.282   21.817   26.711   27.642
           -0.500000 -0.200000  0.800000
    4.619    4.812   11.419   11.823   21.169   21.698   26.953   27.731
           -0.500000 -0.212500  0.787500
    4.497    4.688   11.711   12.102   21.061   21.581   27.198   27.779
           -0.500000 -0.225000  0.775000
    4.381    4.569   12.008   12.385   20.956   21.468   27.446   27.775
           -0.500000 -0.237500  0.762500
    4.270    4.454   12.309   12.672   20.856   21.357   27.696   27.709
           -0.500000 -0.250000  0.750000
    4.163    4.344   12.616   12.963   20.760   21.250   27.577   27.948
           -0.500000 -0.262500  0.737500
    4.062    4.240   12.927   13.258   20.669   21.146   27.386   28.201
           -0.500000 -0.275000  0.725000
    3.966    4.140   13.242   13.556   20.581   21.045   27.148   28.449
           -0.500000 -0.287500  0.712500
    3.876    4.046   13.561   13.857   20.497   20.948   26.874   28.646
           -0.500000 -0.300000  0.700000
    3.790    3.956   13.885   14.161   20.417   20.853   26.577   28.347
           -0.500000 -0.312500  0.687500
    3.709    3.872   14.212   14.468   20.340   20.761   26.263   27.877
           -0.500000 -0.325000  0.675000
    3.634    3.793   14.542   14.777   20.267   20.672   25.940   27.406
           -0.500000 -0.337500  0.662500
    3.564    3.720   14.875   15.087   20.196   20.585   25.611   26.940
           -0.500000 -0.350000  0.650000
    3.499    3.651   15.211   15.400   20.128   20.499   25.282   26.484
           -0.500000 -0.362500  0.637500
    3.439    3.588   15.548   15.713   20.063   20.413   24.956   26.038
           -0.500000 -0.375000  0.625000
    3.384    3.531   15.886   16.026   19.998   20.326   24.635   25.605
           -0.500000 -0.387500  0.612500
    3.335    3.479   16.224   16.339   19.934   20.238   24.323   25.187
           -0.500000 -0.400000  0.600000
    3.291    3.432   16.561   16.651   19.869   20.146   24.024   24.785
           -0.500000 -0.412500  0.587500
    3.252    3.391   16.896   16.960   19.801   20.047   23.742   24.405
           -0.500000 -0.425000  0.575000
    3.218    3.355   17.225   17.266   19.727   19.940   23.482   24.050
           -0.500000 -0.437500  0.562500
    3.189    3.325   17.546   17.566   19.646   19.820   23.247   23.727
           -0.500000 -0.450000  0.550000
    3.166    3.300   17.856   17.858   19.551   19.686   23.046   23.443
           -0.500000 -0.462500  0.537500
    3.147    3.281   18.139   18.150   19.440   19.534   22.881   23.207
           -0.500000 -0.475000  0.525000
    3.134    3.267   18.406   18.421   19.309   19.364   22.760   23.028
           -0.500000 -0.487500  0.512500
    3.127    3.259   18.646   18.657   19.162   19.183   22.685   22.916
           -0.500000 -0.500000  0.500000
    3.124    3.256   18.786   18.786   19.063   19.063   22.660   22.878
           -0.487500 -0.487500  0.487500
    2.864    3.523   18.759   18.759   19.097   19.097   22.615   22.931
           -0.475000 -0.475000  0.475000
    2.555    3.854   18.701   18.701   19.176   19.176   22.531   23.037
           -0.462500 -0.462500  0.462500
    2.252    4.195   18.636   18.636   19.277   19.277   22.443   23.161
           -0.450000 -0.450000  0.450000
    1.956    4.543   18.571   18.571   19.390   19.390   22.358   23.295
           -0.437500 -0.437500  0.437500
    1.667    4.899   18.511   18.511   19.514   19.514   22.279   23.438
           -0.425000 -0.425000  0.425000
    1.385    5.261   18.457   18.457   19.646   19.646   22.207   23.589
           -0.412500 -0.412500  0.412500
    1.111    5.631   18.409   18.409   19.785   19.785   22.141   23.747
           -0.400000 -0.400000  0.400000
    0.845    6.009   18.367   18.367   19.932   19.932   22.082   23.911
           -0.387500 -0.387500  0.387500
    0.587    6.393   18.332   18.332   20.086   20.086   22.030   24.082
           -0.375000 -0.375000  0.375000
    0.336    6.784   18.304   18.304   20.247   20.247   21.986   24.259
           -0.362500 -0.362500  0.362500
    0.093    7.182   18.282   18.282   20.415   20.415   21.948   24.442
           -0.350000 -0.350000  0.350000
   -0.142    7.586   18.268   18.268   20.589   20.589   21.917   24.631
           -0.337500 -0.337500  0.337500
   -0.369    7.998   18.260   18.260   20.770   20.770   21.892   24.825
           -0.325000 -0.325000  0.325000
   -0.588    8.416   18.260   18.260   20.957   20.957   21.875   25.025
           -0.312500 -0.312500  0.312500
   -0.800    8.840   18.266   18.266   21.151   21.151   21.863   25.229
           -0.300000 -0.300000  0.300000
   -1.003    9.271   18.280   18.280   21.349   21.349   21.858   25.438
           -0.287500 -0.287500  0.287500
   -1.198    9.709   18.300   18.300   21.553   21.553   21.859   25.651
           -0.275000 -0.275000  0.275000
   -1.385   10.152   18.327   18.327   21.762   21.762   21.866   25.868
           -0.262500 -0.262500  0.262500
   -1.564   10.602   18.361   18.361   21.878   21.975   21.975   26.089
           -0.250000 -0.250000  0.250000
   -1.735   11.057   18.402   18.402   21.894   22.191   22.191   26.279
           -0.237500 -0.237500  0.237500
   -1.898   11.519   18.450   18.450   21.916   22.407   22.407   25.978
           -0.225000 -0.225000  0.225000
   -2.052   11.986   18.504   18.504   21.941   22.622   22.622   25.691
           -0.212500 -0.212500  0.212500
   -2.199   12.458   18.566   18.566   21.970   22.832   22.832   25.420
           -0.200000 -0.200000  0.200000
   -2.337   12.935   18.634   18.634   22.002   23.028   23.028   25.175
           -0.187500 -0.187500  0.187500
   -2.467   13.418   18.709   18.709   22.036   23.196   23.196   24.969
           -0.175000 -0.175000  0.175000
   -2.589   13.904   18.790   18.790   22.072   23.312   23.312   24.825
           -0.162500 -0.162500  0.162500
   -2.702   14.395   18.878   18.878   22.107   23.347   23.347   24.773
           -0.150000 -0.150000  0.150000
   -2.807   14.890   18.971   18.971   22.141   23.287   23.287   24.825
           -0.137500 -0.137500  0.137500
   -2.904   15.388   19.071   19.071   22.172   23.154   23.154   24.960
           -0.125000 -0.125000  0.125000
   -2.992   15.888   19.177   19.177   22.198   22.978   22.978   25.144
           -0.112500 -0.112500  0.112500
   -3.072   16.389   19.288   19.288   22.217   22.782   22.782   25.355
           -0.100000 -0.100000  0.100000
   -3.143   16.891   19.404   19.404   22.225   22.578   22.578   25.578
           -0.087500 -0.087500  0.087500
   -3.207   17.391   19.523   19.523   22.218   22.375   22.375   25.802
           -0.075000 -0.075000  0.075000
   -3.261   17.888   19.645   19.645   22.176   22.176   22.188   25.665
           -0.062500 -0.062500  0.062500
   -3.308   18.377   19.768   19.768   21.987   21.987   22.128   25.263
           -0.050000 -0.050000  0.050000
   -3.346   18.854   19.888   19.888   21.811   21.811   22.029   24.910
           -0.037500 -0.037500  0.037500
   -3.375   19.308   20.000   20.000   21.655   21.655   21.883   24.620
           -0.025000 -0.025000  0.025000
   -3.396   19.722   20.096   20.096   21.527   21.527   21.695   24.408
           -0.012500 -0.012500  0.012500
   -3.409   20.049   20.163   20.163   21.441   21.441   21.503   24.280
            0.000000  0.000000  0.000000
   -3.413   20.188   20.188   20.188   21.410   21.410   21.410   24.237
