 &plot nbnd=  10, nks=   161 /
            0.000000  0.000000  0.000000
  -89.444   -8.230   10.199   10.199   10.199   20.269   26.538   26.538   26.538   28.897
            0.000000  0.000000  0.025000
  -89.444   -8.225   10.192   10.193   10.193   20.277   26.493   26.516   26.516   28.836
            0.000000  0.000000  0.050000
  -89.444   -8.212   10.169   10.173   10.173   20.300   26.362   26.453   26.453   28.665
            0.000000  0.000000  0.075000
  -89.444   -8.190   10.131   10.140   10.140   20.339   26.153   26.362   26.362   28.411
            0.000000  0.000000  0.100000
  -89.444   -8.159   10.077   10.095   10.095   20.394   25.879   26.258   26.258   28.100
            0.000000  0.000000  0.125000
  -89.444   -8.120   10.008   10.038   10.038   20.463   25.555   26.149   26.149   27.755
            0.000000  0.000000  0.150000
  -89.444   -8.072    9.924    9.970    9.970   20.547   25.193   26.043   26.043   27.390
            0.000000  0.000000  0.175000
  -89.444   -8.015    9.824    9.891    9.891   20.645   24.805   25.946   25.946   27.015
            0.000000  0.000000  0.200000
  -89.444   -7.950    9.708    9.802    9.802   20.757   24.402   25.860   25.860   26.637
            0.000000  0.000000  0.225000
  -89.444   -7.875    9.576    9.704    9.704   20.882   23.992   25.787   25.787   26.261
            0.000000  0.000000  0.250000
  -89.444   -7.793    9.428    9.599    9.599   21.018   23.582   25.727   25.727   25.890
            0.000000  0.000000  0.275000
  -89.443   -7.701    9.263    9.487    9.487   21.165   23.177   25.525   25.681   25.681
            0.000000  0.000000  0.300000
  -89.443   -7.601    9.083    9.369    9.369   21.319   22.785   25.168   25.649   25.649
            0.000000  0.000000  0.325000
  -89.443   -7.493    8.887    9.246    9.246   21.475   22.415   24.820   25.631   25.631
            0.000000  0.000000  0.350000
  -89.443   -7.376    8.674    9.119    9.119   21.598   22.102   24.483   25.626   25.626
            0.000000  0.000000  0.375000
  -89.443   -7.251    8.446    8.990    8.990   21.523   22.013   24.156   25.633   25.633
            0.000000  0.000000  0.400000
  -89.443   -7.118    8.203    8.859    8.859   21.248   22.151   23.841   25.652   25.652
            0.000000  0.000000  0.425000
  -89.443   -6.977    7.945    8.727    8.727   20.947   22.340   23.537   25.682   25.682
            0.000000  0.000000  0.450000
  -89.442   -6.827    7.674    8.595    8.595   20.656   22.547   23.245   25.721   25.721
            0.000000  0.000000  0.475000
  -89.442   -6.670    7.390    8.463    8.463   20.381   22.763   22.965   25.771   25.771
            0.000000  0.000000  0.500000
  -89.442   -6.506    7.094    8.334    8.334   20.125   22.698   22.984   25.828   25.828
            0.000000  0.000000  0.525000
  -89.442   -6.334    6.788    8.206    8.206   19.888   22.442   23.211   25.892   25.892
            0.000000  0.000000  0.550000
  -89.442   -6.155    6.473    8.082    8.082   19.670   22.200   23.439   25.963   25.963
            0.000000  0.000000  0.575000
  -89.442   -5.969    6.150    7.961    7.961   19.470   21.970   23.669   26.039   26.039
            0.000000  0.000000  0.600000
  -89.441   -5.777    5.821    7.844    7.844   19.287   21.753   23.899   26.120   26.120
            0.000000  0.000000  0.625000
  -89.441   -5.580    5.488    7.732    7.732   19.122   21.549   24.127   26.203   26.203
            0.000000  0.000000  0.650000
  -89.441   -5.377    5.153    7.626    7.626   18.972   21.358   24.352   26.288   26.288
            0.000000  0.000000  0.675000
  -89.441   -5.170    4.817    7.524    7.524   18.838   21.180   24.571   26.375   26.375
            0.000000  0.000000  0.700000
  -89.441   -4.959    4.482    7.429    7.429   18.718   21.015   24.785   26.461   26.461
            0.000000  0.000000  0.725000
  -89.441   -4.746    4.151    7.341    7.341   18.611   20.863   24.990   26.545   26.545
            0.000000  0.000000  0.750000
  -89.441   -4.532    3.827    7.259    7.259   18.516   20.724   25.185   26.627   26.627
            0.000000  0.000000  0.775000
  -89.441   -4.319    3.511    7.183    7.183   18.434   20.599   25.369   26.706   26.706
            0.000000  0.000000  0.800000
  -89.440   -4.109    3.207    7.116    7.116   18.361   20.486   25.539   26.779   26.779
            0.000000  0.000000  0.825000
  -89.440   -3.906    2.919    7.055    7.055   18.299   20.387   25.694   26.847   26.847
            0.000000  0.000000  0.850000
  -89.440   -3.712    2.650    7.003    7.003   18.247   20.301   25.832   26.908   26.908
            0.000000  0.000000  0.875000
  -89.440   -3.532    2.406    6.958    6.958   18.204   20.228   25.952   26.962   26.962
            0.000000  0.000000  0.900000
  -89.440   -3.371    2.192    6.921    6.921   18.169   20.168   26.052   27.007   27.007
            0.000000  0.000000  0.925000
  -89.440   -3.237    2.016    6.892    6.892   18.142   20.122   26.131   27.042   27.042
            0.000000  0.000000  0.950000
  -89.440   -3.134    1.883    6.872    6.872   18.123   20.089   26.189   27.068   27.068
            0.000000  0.000000  0.975000
  -89.440   -3.070    1.801    6.859    6.859   18.112   20.069   26.224   27.084   27.084
            0.000000  0.000000  1.000000
  -89.440   -3.048    1.773    6.855    6.855   18.108   20.062   26.235   27.089   27.089
           -0.012500  0.000000  1.000000
  -89.440   -3.048    1.774    6.852    6.855   18.110   20.067   26.234   27.083   27.091
           -0.025000  0.000000  1.000000
  -89.440   -3.048    1.778    6.842    6.855   18.118   20.082   26.230   27.066   27.098
           -0.037500 -0.000000  1.000000
  -89.440   -3.048    1.785    6.825    6.855   18.130   20.106   26.224   27.037   27.109
           -0.050000 -0.000000  1.000000
  -89.440   -3.049    1.794    6.803    6.855   18.147   20.141   26.215   26.997   27.125
           -0.062500  0.000000  1.000000
  -89.440   -3.049    1.806    6.773    6.856   18.169   20.185   26.204   26.946   27.146
           -0.075000  0.000000  1.000000
  -89.440   -3.050    1.820    6.738    6.856   18.196   20.238   26.190   26.885   27.171
           -0.087500  0.000000  1.000000
  -89.440   -3.051    1.838    6.697    6.856   18.227   20.300   26.174   26.813   27.201
           -0.100000 -0.000000  1.000000
  -89.440   -3.052    1.858    6.650    6.856   18.264   20.370   26.156   26.731   27.236
           -0.112500 -0.000000  1.000000
  -89.440   -3.054    1.880    6.598    6.856   18.305   20.449   26.135   26.640   27.276
           -0.125000  0.000000  1.000000
  -89.440   -3.055    1.905    6.540    6.857   18.351   20.535   26.111   26.540   27.321
           -0.137500  0.000000  1.000000
  -89.440   -3.056    1.933    6.478    6.857   18.402   20.629   26.086   26.431   27.371
           -0.150000  0.000000  1.000000
  -89.440   -3.058    1.963    6.411    6.857   18.457   20.730   26.057   26.315   27.426
           -0.162500 -0.000000  1.000000
  -89.440   -3.060    1.996    6.339    6.858   18.517   20.838   26.027   26.191   27.488
           -0.175000 -0.000000  1.000000
  -89.440   -3.061    2.031    6.264    6.858   18.582   20.951   25.994   26.060   27.555
           -0.187500  0.000000  1.000000
  -89.440   -3.063    2.069    6.185    6.859   18.652   21.069   25.923   25.958   27.628
           -0.200000  0.000000  1.000000
  -89.440   -3.065    2.110    6.103    6.859   18.725   21.193   25.780   25.921   27.707
           -0.212500  0.000000  1.000000
  -89.440   -3.067    2.153    6.017    6.859   18.804   21.320   25.632   25.881   27.792
           -0.225000 -0.000000  1.000000
  -89.440   -3.069    2.198    5.929    6.860   18.887   21.451   25.480   25.838   27.884
           -0.237500 -0.000000  1.000000
  -89.440   -3.071    2.246    5.838    6.860   18.974   21.586   25.323   25.793   27.984
           -0.250000  0.000000  1.000000
  -89.440   -3.073    2.297    5.746    6.861   19.065   21.723   25.162   25.746   28.090
           -0.262500  0.000000  1.000000
  -89.440   -3.075    2.350    5.651    6.861   19.161   21.861   24.998   25.697   28.204
           -0.275000  0.000000  1.000000
  -89.440   -3.077    2.405    5.554    6.862   19.261   22.001   24.831   25.645   28.325
           -0.287500 -0.000000  1.000000
  -89.440   -3.079    2.463    5.456    6.862   19.366   22.142   24.661   25.591   28.454
           -0.300000  0.000000  1.000000
  -89.440   -3.081    2.523    5.357    6.862   19.474   22.284   24.490   25.535   28.592
           -0.312500  0.000000  1.000000
  -89.440   -3.083    2.585    5.257    6.863   19.586   22.425   24.317   25.476   28.738
           -0.325000  0.000000  1.000000
  -89.440   -3.085    2.650    5.157    6.863   19.702   22.565   24.143   25.415   28.892
           -0.337500  0.000000  1.000000
  -89.440   -3.086    2.717    5.056    6.864   19.822   22.705   23.968   25.352   29.055
           -0.350000 -0.000000  1.000000
  -89.440   -3.088    2.786    4.954    6.864   19.946   22.842   23.792   25.286   29.227
           -0.362500  0.000000  1.000000
  -89.440   -3.090    2.857    4.853    6.864   20.073   22.978   23.617   25.217   29.409
           -0.375000  0.000000  1.000000
  -89.440   -3.091    2.931    4.751    6.865   20.203   23.112   23.441   25.146   29.599
           -0.387500  0.000000  1.000000
  -89.440   -3.092    3.006    4.650    6.865   20.337   23.243   23.266   25.073   29.799
           -0.400000  0.000000  1.000000
  -89.440   -3.094    3.084    4.549    6.865   20.474   23.092   23.372   24.997   30.008
           -0.412500 -0.000000  1.000000
  -89.440   -3.095    3.163    4.448    6.865   20.614   22.919   23.497   24.918   30.226
           -0.425000  0.000000  1.000000
  -89.440   -3.096    3.245    4.349    6.866   20.756   22.747   23.620   24.837   30.453
           -0.437500  0.000000  1.000000
  -89.440   -3.096    3.328    4.250    6.866   20.900   22.578   23.739   24.752   30.689
           -0.450000  0.000000  1.000000
  -89.440   -3.097    3.414    4.152    6.866   21.045   22.413   23.855   24.665   30.934
           -0.462500  0.000000  1.000000
  -89.440   -3.098    3.501    4.055    6.866   21.189   22.253   23.967   24.575   31.188
           -0.475000 -0.000000  1.000000
  -89.440   -3.098    3.589    3.959    6.866   21.328   22.103   24.077   24.482   31.450
           -0.487500  0.000000  1.000000
  -89.440   -3.098    3.679    3.864    6.866   21.446   21.977   24.183   24.385   31.721
           -0.500000  0.000000  1.000000
  -89.440   -3.098    3.771    3.771    6.866   21.501   21.920   24.286   24.286   32.000
           -0.500000 -0.012500  0.987500
  -89.440   -3.103    3.766    3.780    6.873   21.496   21.912   24.287   24.293   32.002
           -0.500000 -0.025000  0.975000
  -89.440   -3.115    3.752    3.806    6.892   21.482   21.889   24.290   24.314   32.009
           -0.500000 -0.037500  0.962500
  -89.440   -3.136    3.728    3.848    6.925   21.458   21.851   24.293   24.349   32.020
           -0.500000 -0.050000  0.950000
  -89.440   -3.165    3.697    3.907    6.969   21.426   21.800   24.296   24.397   32.034
           -0.500000 -0.062500  0.937500
  -89.440   -3.201    3.657    3.982    7.024   21.387   21.737   24.296   24.456   32.053
           -0.500000 -0.075000  0.925000
  -89.440   -3.244    3.611    4.073    7.090   21.342   21.663   24.290   24.526   32.076
           -0.500000 -0.087500  0.912500
  -89.440   -3.293    3.559    4.178    7.164   21.292   21.581   24.277   24.604   32.104
           -0.500000 -0.100000  0.900000
  -89.440   -3.348    3.502    4.296    7.246   21.239   21.492   24.255   24.690   32.134
           -0.500000 -0.112500  0.887500
  -89.440   -3.407    3.441    4.428    7.336   21.183   21.397   24.220   24.782   32.169
           -0.500000 -0.125000  0.875000
  -89.440   -3.470    3.378    4.572    7.430   21.125   21.297   24.173   24.880   32.207
           -0.500000 -0.137500  0.862500
  -89.440   -3.536    3.312    4.726    7.530   21.066   21.195   24.110   24.982   32.249
           -0.500000 -0.150000  0.850000
  -89.440   -3.605    3.245    4.892    7.634   21.007   21.089   24.032   25.087   32.294
           -0.500000 -0.162500  0.837500
  -89.440   -3.676    3.177    5.067    7.741   20.949   20.982   23.939   25.194   32.341
           -0.500000 -0.175000  0.825000
  -89.440   -3.748    3.108    5.250    7.850   20.874   20.892   23.829   25.302   32.391
           -0.500000 -0.187500  0.812500
  -89.440   -3.821    3.040    5.441    7.961   20.766   20.836   23.704   25.411   32.442
           -0.500000 -0.200000  0.800000
  -89.440   -3.894    2.972    5.640    8.074   20.657   20.783   23.564   25.519   32.496
           -0.500000 -0.212500  0.787500
  -89.440   -3.966    2.906    5.844    8.186   20.549   20.732   23.410   25.627   32.549
           -0.500000 -0.225000  0.775000
  -89.440   -4.038    2.840    6.054    8.299   20.442   20.683   23.244   25.733   32.604
           -0.500000 -0.237500  0.762500
  -89.441   -4.109    2.776    6.269    8.411   20.334   20.637   23.068   25.837   32.657
           -0.500000 -0.250000  0.750000
  -89.441   -4.179    2.714    6.488    8.521   20.228   20.595   22.882   25.938   32.709
           -0.500000 -0.262500  0.737500
  -89.441   -4.246    2.654    6.710    8.630   20.122   20.555   22.688   26.036   32.759
           -0.500000 -0.275000  0.725000
  -89.441   -4.312    2.596    6.934    8.736   20.016   20.518   22.490   26.130   32.806
           -0.500000 -0.287500  0.712500
  -89.441   -4.375    2.541    7.159    8.840   19.911   20.485   22.289   26.220   32.849
           -0.500000 -0.300000  0.700000
  -89.441   -4.435    2.488    7.384    8.940   19.805   20.455   22.087   26.306   32.886
           -0.500000 -0.312500  0.687500
  -89.441   -4.493    2.438    7.609    9.037   19.698   20.428   21.887   26.387   32.919
           -0.500000 -0.325000  0.675000
  -89.441   -4.548    2.391    7.832    9.130   19.591   20.404   21.692   26.463   32.945
           -0.500000 -0.337500  0.662500
  -89.441   -4.599    2.346    8.051    9.218   19.482   20.383   21.503   26.534   32.964
           -0.500000 -0.350000  0.650000
  -89.441   -4.648    2.304    8.266    9.302   19.371   20.365   21.323   26.600   32.977
           -0.500000 -0.362500  0.637500
  -89.441   -4.693    2.266    8.475    9.380   19.259   20.350   21.155   26.660   32.983
           -0.500000 -0.375000  0.625000
  -89.441   -4.734    2.231    8.675    9.453   19.145   20.337   21.000   26.715   32.983
           -0.500000 -0.387500  0.612500
  -89.441   -4.772    2.198    8.867    9.519   19.031   20.326   20.860   26.764   32.978
           -0.500000 -0.400000  0.600000
  -89.441   -4.806    2.169    9.047    9.580   18.918   20.317   20.736   26.807   32.969
           -0.500000 -0.412500  0.587500
  -89.441   -4.836    2.144    9.213    9.634   18.808   20.310   20.627   26.846   32.957
           -0.500000 -0.425000  0.575000
  -89.441   -4.862    2.122    9.363    9.681   18.704   20.304   20.535   26.878   32.944
           -0.500000 -0.437500  0.562500
  -89.441   -4.884    2.103    9.495    9.722   18.609   20.300   20.459   26.906   32.930
           -0.500000 -0.450000  0.550000
  -89.441   -4.903    2.087    9.607    9.755   18.526   20.296   20.397   26.928   32.917
           -0.500000 -0.462500  0.537500
  -89.441   -4.917    2.075    9.696    9.781   18.458   20.294   20.350   26.945   32.905
           -0.500000 -0.475000  0.525000
  -89.441   -4.927    2.066    9.762    9.800   18.407   20.292   20.317   26.957   32.896
           -0.500000 -0.487500  0.512500
  -89.441   -4.933    2.061    9.801    9.811   18.376   20.292   20.298   26.965   32.891
           -0.500000 -0.500000  0.500000
  -89.441   -4.935    2.059    9.815    9.815   18.365   20.291   20.291   26.967   32.889
           -0.487500 -0.487500  0.487500
  -89.441   -4.945    2.075    9.815    9.815   18.370   20.298   20.298   26.961   32.873
           -0.475000 -0.475000  0.475000
  -89.441   -4.972    2.119    9.816    9.816   18.383   20.316   20.316   26.943   32.824
           -0.462500 -0.462500  0.462500
  -89.441   -5.018    2.193    9.818    9.818   18.405   20.347   20.347   26.912   32.747
           -0.450000 -0.450000  0.450000
  -89.441   -5.079    2.295    9.821    9.821   18.435   20.391   20.391   26.869   32.643
           -0.437500 -0.437500  0.437500
  -89.441   -5.156    2.422    9.824    9.824   18.474   20.446   20.446   26.814   32.516
           -0.425000 -0.425000  0.425000
  -89.441   -5.245    2.574    9.828    9.828   18.522   20.514   20.514   26.748   32.372
           -0.412500 -0.412500  0.412500
  -89.441   -5.346    2.747    9.833    9.833   18.578   20.594   20.594   26.671   32.214
           -0.400000 -0.400000  0.400000
  -89.441   -5.455    2.941    9.839    9.839   18.643   20.686   20.686   26.583   32.045
           -0.387500 -0.387500  0.387500
  -89.441   -5.573    3.152    9.845    9.845   18.716   20.789   20.789   26.485   31.869
           -0.375000 -0.375000  0.375000
  -89.442   -5.696    3.380    9.852    9.852   18.797   20.904   20.904   26.377   31.690
           -0.362500 -0.362500  0.362500
  -89.442   -5.823    3.621    9.860    9.860   18.885   21.030   21.030   26.261   31.509
           -0.350000 -0.350000  0.350000
  -89.442   -5.953    3.875    9.869    9.869   18.981   21.167   21.167   26.138   31.328
           -0.337500 -0.337500  0.337500
  -89.442   -6.085    4.139    9.879    9.879   19.085   21.314   21.314   26.009   31.148
           -0.325000 -0.325000  0.325000
  -89.442   -6.217    4.413    9.890    9.890   19.195   21.472   21.472   25.874   30.972
           -0.312500 -0.312500  0.312500
  -89.442   -6.349    4.694    9.901    9.901   19.311   21.640   21.640   25.737   30.800
           -0.300000 -0.300000  0.300000
  -89.442   -6.480    4.982    9.914    9.914   19.432   21.818   21.818   25.597   30.633
           -0.287500 -0.287500  0.287500
  -89.442   -6.609    5.274    9.927    9.927   19.558   22.004   22.004   25.458   30.471
           -0.275000 -0.275000  0.275000
  -89.442   -6.735    5.570    9.940    9.940   19.686   22.200   22.200   25.322   30.315
           -0.262500 -0.262500  0.262500
  -89.442   -6.858    5.869    9.954    9.954   19.816   22.404   22.404   25.191   30.166
           -0.250000 -0.250000  0.250000
  -89.443   -6.978    6.169    9.969    9.969   19.945   22.615   22.615   25.069   30.022
           -0.237500 -0.237500  0.237500
  -89.443   -7.093    6.469    9.984    9.984   20.072   22.834   22.834   24.958   29.885
           -0.225000 -0.225000  0.225000
  -89.443   -7.204    6.767   10.000   10.000   20.192   23.059   23.059   24.862   29.755
           -0.212500 -0.212500  0.212500
  -89.443   -7.310    7.063   10.016   10.016   20.304   23.290   23.290   24.786   29.632
           -0.200000 -0.200000  0.200000
  -89.443   -7.412    7.355   10.032   10.032   20.404   23.526   23.526   24.734   29.516
           -0.187500 -0.187500  0.187500
  -89.443   -7.508    7.641   10.048   10.048   20.488   23.766   23.766   24.709   29.408
           -0.175000 -0.175000  0.175000
  -89.443   -7.599    7.921   10.064   10.064   20.553   24.008   24.008   24.715   29.307
           -0.162500 -0.162500  0.162500
  -89.443   -7.684    8.192   10.080   10.080   20.598   24.253   24.253   24.755   29.215
           -0.150000 -0.150000  0.150000
  -89.443   -7.763    8.453   10.095   10.095   20.622   24.498   24.498   24.829   29.131
           -0.137500 -0.137500  0.137500
  -89.444   -7.837    8.702   10.110   10.110   20.626   24.741   24.741   24.936   29.056
           -0.125000 -0.125000  0.125000
  -89.444   -7.904    8.939   10.124   10.124   20.611   24.982   24.982   25.073   28.991
           -0.112500 -0.112500  0.112500
  -89.444   -7.965    9.160   10.137   10.137   20.582   25.217   25.217   25.236   28.935
           -0.100000 -0.100000  0.100000
  -89.444   -8.020    9.365   10.149   10.149   20.543   25.417   25.445   25.445   28.891
           -0.087500 -0.087500  0.087500
  -89.444   -8.069    9.551   10.160   10.160   20.497   25.611   25.662   25.662   28.859
           -0.075000 -0.075000  0.075000
  -89.444   -8.112    9.716   10.170   10.170   20.448   25.809   25.865   25.865   28.840
           -0.062500 -0.062500  0.062500
  -89.444   -8.148    9.860   10.179   10.179   20.400   26.001   26.051   26.051   28.834
           -0.050000 -0.050000  0.050000
  -89.444   -8.177    9.980   10.186   10.186   20.357   26.177   26.214   26.214   28.840
           -0.037500 -0.037500  0.037500
  -89.444   -8.200   10.075   10.192   10.192   20.320   26.327   26.350   26.350   28.855
           -0.025000 -0.025000  0.025000
  -89.444   -8.216   10.144   10.196   10.196   20.292   26.442   26.452   26.452   28.874
           -0.012500 -0.012500  0.012500
  -89.444   -8.226   10.185   10.198   10.198   20.275   26.514   26.516   26.516   28.890
            0.000000  0.000000  0.000000
  -89.444   -8.230   10.199   10.199   10.199   20.269   26.538   26.538   26.538   28.897
