 &plot nbnd=  16, nks=   201 /
            0.000000  0.000000  0.000000
  -65.993  -32.772  -32.772  -32.755   -3.214    6.282    9.595    9.595   10.911   15.575
   15.575   17.384   19.204   22.000   25.556   25.556
            0.012500  0.007217  0.000000
  -65.993  -32.772  -32.772  -32.755   -3.211    6.285    9.580    9.588   10.913   15.574
   15.587   17.390   19.194   22.014   25.540   25.549
            0.025000  0.014434  0.000000
  -65.992  -32.773  -32.772  -32.755   -3.203    6.293    9.536    9.567   10.920   15.571
   15.625   17.407   19.164   22.057   25.491   25.525
            0.037500  0.021651  0.000000
  -65.992  -32.773  -32.773  -32.755   -3.189    6.306    9.463    9.533   10.932   15.565
   15.687   17.436   19.114   22.127   25.413   25.488
            0.050000  0.028868  0.000000
  -65.992  -32.773  -32.773  -32.755   -3.170    6.325    9.364    9.486   10.949   15.555
   15.772   17.478   19.046   22.225   25.310   25.437
            0.062500  0.036084  0.000000
  -65.992  -32.774  -32.773  -32.755   -3.146    6.349    9.239    9.428   10.971   15.538
   15.880   17.533   18.959   22.347   25.185   25.375
            0.075000  0.043301  0.000000
  -65.992  -32.775  -32.773  -32.755   -3.116    6.378    9.092    9.360   10.998   15.513
   16.009   17.601   18.854   22.493   25.045   25.305
            0.087500  0.050518  0.000000
  -65.992  -32.775  -32.773  -32.755   -3.080    6.413    8.925    9.283   11.030   15.479
   16.157   17.680   18.732   22.661   24.893   25.226
            0.100000  0.057735  0.000000
  -65.992  -32.776  -32.773  -32.755   -3.039    6.452    8.741    9.199   11.067   15.437
   16.323   17.770   18.594   22.848   24.734   25.142
            0.112500  0.064952  0.000000
  -65.992  -32.777  -32.774  -32.755   -2.993    6.497    8.541    9.109   11.110   15.388
   16.506   17.867   18.441   23.054   24.572   25.054
            0.125000  0.072169  0.000000
  -65.992  -32.778  -32.774  -32.754   -2.941    6.548    8.329    9.015   11.157   15.331
   16.704   17.969   18.274   23.275   24.410   24.963
            0.137500  0.079386  0.000000
  -65.992  -32.779  -32.774  -32.754   -2.884    6.603    8.106    8.917   11.210   15.268
   16.916   18.072   18.093   23.509   24.253   24.870
            0.150000  0.086603  0.000000
  -65.992  -32.781  -32.774  -32.754   -2.821    6.664    7.873    8.816   11.267   15.201
   17.140   17.902   18.174   23.752   24.106   24.768
            0.162500  0.093819  0.000000
  -65.992  -32.782  -32.775  -32.754   -2.753    6.730    7.634    8.715   11.329   15.131
   17.376   17.699   18.271   23.923   24.051   24.538
            0.175000  0.101036  0.000000
  -65.992  -32.783  -32.775  -32.754   -2.680    6.800    7.388    8.612   11.396   15.058
   17.487   17.623   18.359   23.822   24.289   24.319
            0.187500  0.108253  0.000000
  -65.991  -32.785  -32.775  -32.753   -2.602    6.876    7.137    8.510   11.467   14.984
   17.267   17.879   18.436   23.714   24.112   24.501
            0.200000  0.115470  0.000000
  -65.991  -32.786  -32.776  -32.753   -2.518    6.883    6.957    8.409   11.542   14.909
   17.040   18.144   18.497   23.625   23.917   24.412
            0.212500  0.122687  0.000000
  -65.991  -32.788  -32.776  -32.753   -2.429    6.626    7.043    8.309   11.621   14.835
   16.807   18.417   18.541   23.557   23.732   24.326
            0.225000  0.129904  0.000000
  -65.991  -32.789  -32.776  -32.753   -2.334    6.367    7.134    8.211   11.704   14.762
   16.569   18.565   18.697   23.513   23.559   24.243
            0.237500  0.137121  0.000000
  -65.991  -32.791  -32.777  -32.753   -2.235    6.107    7.229    8.116   11.791   14.691
   16.327   18.567   18.982   23.395   23.495   24.163
            0.250000  0.144338  0.000000
  -65.991  -32.792  -32.777  -32.752   -2.130    5.846    7.329    8.023   11.881   14.623
   16.083   18.546   19.273   23.242   23.504   24.087
            0.262500  0.151554  0.000000
  -65.991  -32.794  -32.778  -32.752   -2.020    5.586    7.433    7.933   11.974   14.558
   15.836   18.504   19.568   23.098   23.540   24.015
            0.275000  0.158771  0.000000
  -65.991  -32.795  -32.778  -32.752   -1.905    5.326    7.542    7.847   12.069   14.497
   15.589   18.440   19.866   22.963   23.601   23.948
            0.287500  0.165988  0.000000
  -65.990  -32.797  -32.778  -32.752   -1.785    5.067    7.655    7.764   12.166   14.440
   15.342   18.358   20.166   22.838   23.686   23.885
            0.300000  0.173205  0.000000
  -65.990  -32.798  -32.779  -32.751   -1.660    4.809    7.685    7.771   12.264   14.389
   15.095   18.258   20.466   22.721   23.793   23.828
            0.312500  0.180422  0.000000
  -65.990  -32.800  -32.779  -32.751   -1.530    4.554    7.610    7.891   12.363   14.343
   14.850   18.144   20.766   22.612   23.777   23.919
            0.325000  0.187639  0.000000
  -65.990  -32.801  -32.779  -32.751   -1.396    4.301    7.539    8.015   12.461   14.304
   14.608   18.017   21.062   22.511   23.734   24.062
            0.337500  0.194856  0.000000
  -65.990  -32.803  -32.780  -32.751   -1.256    4.050    7.473    8.141   12.558   14.273
   14.370   17.882   21.352   22.418   23.699   24.073
            0.350000  0.202073  0.000000
  -65.990  -32.804  -32.780  -32.751   -1.112    3.802    7.411    8.270   12.651   14.136
   14.250   17.739   21.633   22.333   23.675   23.991
            0.362500  0.209289  0.000000
  -65.990  -32.805  -32.780  -32.750   -0.963    3.557    7.354    8.400   12.740   13.907
   14.237   17.591   21.899   22.255   23.665   23.916
            0.375000  0.216506  0.000000
  -65.990  -32.806  -32.781  -32.750   -0.809    3.315    7.301    8.531   12.823   13.686
   14.235   17.441   22.144   22.185   23.673   23.848
            0.387500  0.223723  0.000000
  -65.989  -32.807  -32.781  -32.750   -0.651    3.077    7.253    8.662   12.898   13.472
   14.245   17.290   22.122   22.361   23.704   23.786
            0.400000  0.230940  0.000000
  -65.989  -32.808  -32.781  -32.750   -0.490    2.843    7.210    8.791   12.963   13.268
   14.267   17.141   22.065   22.540   23.730   23.765
            0.412500  0.238157  0.000000
  -65.989  -32.809  -32.781  -32.750   -0.324    2.614    7.172    8.917   13.018   13.076
   14.301   16.996   22.016   22.676   23.682   23.858
            0.425000  0.245374  0.000000
  -65.989  -32.810  -32.782  -32.750   -0.155    2.390    7.139    9.037   12.898   13.063
   14.344   16.858   21.973   22.771   23.639   23.975
            0.437500  0.252591  0.000000
  -65.989  -32.811  -32.782  -32.750    0.016    2.172    7.111    9.149   12.736   13.098
   14.394   16.729   21.937   22.833   23.603   24.106
            0.450000  0.259808  0.000000
  -65.989  -32.811  -32.782  -32.750    0.187    1.962    7.088    9.249   12.596   13.125
   14.447   16.613   21.908   22.871   23.574   24.236
            0.462500  0.267024  0.000000
  -65.989  -32.812  -32.782  -32.749    0.355    1.764    7.070    9.333   12.479   13.144
   14.497   16.515   21.885   22.894   23.551   24.350
            0.475000  0.274241  0.000000
  -65.989  -32.812  -32.782  -32.749    0.513    1.584    7.057    9.398   12.392   13.156
   14.539   16.440   21.869   22.907   23.535   24.439
            0.487500  0.281458  0.000000
  -65.989  -32.812  -32.782  -32.749    0.641    1.444    7.049    9.439   12.338   13.163
   14.567   16.393   21.859   22.914   23.525   24.496
            0.500000  0.288675  0.000000
  -65.989  -32.812  -32.782  -32.749    0.694    1.386    7.047    9.453   12.319   13.165
   14.577   16.376   21.856   22.916   23.522   24.515
            0.495833  0.295892  0.000000
  -65.989  -32.812  -32.782  -32.749    0.695    1.387    7.041    9.454   12.319   13.172
   14.578   16.378   21.833   22.910   23.547   24.510
            0.491667  0.303109  0.000000
  -65.989  -32.812  -32.782  -32.749    0.698    1.389    7.023    9.457   12.318   13.191
   14.580   16.381   21.768   22.892   23.620   24.496
            0.487500  0.310326  0.000000
  -65.989  -32.812  -32.782  -32.749    0.702    1.393    6.993    9.462   12.315   13.224
   14.582   16.387   21.671   22.864   23.730   24.473
            0.483333  0.317543  0.000000
  -65.989  -32.812  -32.782  -32.749    0.707    1.399    6.953    9.469   12.313   13.268
   14.586   16.396   21.551   22.824   23.869   24.441
            0.479167  0.324759  0.000000
  -65.989  -32.812  -32.783  -32.749    0.714    1.406    6.901    9.478   12.309   13.324
   14.591   16.407   21.415   22.775   24.028   24.402
            0.475000  0.331976  0.000000
  -65.989  -32.812  -32.783  -32.749    0.723    1.415    6.840    9.489   12.304   13.390
   14.598   16.421   21.270   22.716   24.203   24.356
            0.470833  0.339193  0.000000
  -65.989  -32.812  -32.783  -32.749    0.733    1.426    6.769    9.502   12.299   13.467
   14.605   16.437   21.120   22.649   24.303   24.388
            0.466667  0.346410  0.000000
  -65.989  -32.812  -32.783  -32.749    0.745    1.438    6.690    9.517   12.292   13.552
   14.613   16.456   20.966   22.574   24.245   24.581
            0.462500  0.353627  0.000000
  -65.989  -32.811  -32.783  -32.749    0.759    1.452    6.603    9.534   12.284   13.645
   14.623   16.479   20.812   22.494   24.183   24.781
            0.458333  0.360844  0.000000
  -65.989  -32.811  -32.784  -32.749    0.774    1.467    6.509    9.553   12.275   13.745
   14.633   16.504   20.657   22.407   24.116   24.986
            0.454167  0.368061  0.000000
  -65.989  -32.811  -32.784  -32.749    0.791    1.484    6.408    9.574   12.265   13.851
   14.645   16.533   20.504   22.317   24.046   25.195
            0.450000  0.375278  0.000000
  -65.989  -32.811  -32.784  -32.749    0.809    1.503    6.302    9.597   12.254   13.962
   14.658   16.565   20.353   22.223   23.973   25.407
            0.445833  0.382494  0.000000
  -65.989  -32.811  -32.785  -32.749    0.829    1.523    6.191    9.622   12.241   14.075
   14.672   16.601   20.204   22.126   23.897   25.623
            0.441667  0.389711  0.000000
  -65.989  -32.810  -32.785  -32.749    0.850    1.544    6.076    9.649   12.227   14.191
   14.687   16.642   20.058   22.027   23.820   25.663
            0.437500  0.396928  0.000000
  -65.989  -32.810  -32.786  -32.749    0.873    1.567    5.958    9.678   12.211   14.309
   14.703   16.687   19.916   21.927   23.741   25.517
            0.433333  0.404145  0.000000
  -65.989  -32.810  -32.786  -32.749    0.898    1.591    5.836    9.709   12.193   14.426
   14.720   16.737   19.778   21.827   23.660   25.367
            0.429167  0.411362  0.000000
  -65.989  -32.810  -32.787  -32.749    0.924    1.617    5.712    9.743   12.174   14.541
   14.739   16.792   19.644   21.727   23.578   25.216
            0.425000  0.418579  0.000000
  -65.989  -32.809  -32.787  -32.749    0.952    1.644    5.585    9.778   12.153   14.654
   14.758   16.852   19.514   21.629   23.496   25.063
            0.420833  0.425796  0.000000
  -65.989  -32.809  -32.788  -32.749    0.982    1.672    5.457    9.815   12.129   14.764
   14.778   16.919   19.388   21.533   23.412   24.909
            0.416666  0.433012  0.000000
  -65.989  -32.809  -32.788  -32.749    1.013    1.702    5.328    9.854   12.104   14.800
   14.868   16.991   19.268   21.439   23.329   24.755
            0.412500  0.440229  0.000000
  -65.989  -32.808  -32.789  -32.749    1.045    1.732    5.198    9.895   12.076   14.823
   14.967   17.070   19.152   21.350   23.244   24.602
            0.408333  0.447446  0.000000
  -65.989  -32.808  -32.789  -32.749    1.079    1.764    5.067    9.937   12.046   14.846
   15.060   17.154   19.042   21.265   23.160   24.448
            0.404166  0.454663  0.000000
  -65.989  -32.808  -32.790  -32.749    1.115    1.796    4.937    9.982   12.013   14.871
   15.145   17.243   18.937   21.186   23.075   24.296
            0.400000  0.461880  0.000000
  -65.989  -32.807  -32.791  -32.749    1.152    1.829    4.806   10.029   11.978   14.896
   15.222   17.337   18.838   21.114   22.991   24.144
            0.395833  0.469097  0.000000
  -65.989  -32.807  -32.791  -32.749    1.191    1.862    4.677   10.078   11.940   14.923
   15.292   17.435   18.745   21.050   22.907   23.994
            0.391666  0.476314  0.000000
  -65.989  -32.807  -32.792  -32.749    1.232    1.896    4.548   10.129   11.900   14.951
   15.353   17.534   18.657   20.996   22.822   23.846
            0.387500  0.483530  0.000000
  -65.989  -32.806  -32.792  -32.749    1.274    1.929    4.421   10.182   11.856   14.980
   15.406   17.634   18.576   20.952   22.739   23.699
            0.383333  0.490747  0.000000
  -65.989  -32.806  -32.793  -32.749    1.318    1.963    4.297   10.236   11.810   15.009
   15.452   17.732   18.500   20.921   22.655   23.555
            0.379166  0.497964  0.000000
  -65.989  -32.805  -32.794  -32.749    1.363    1.995    4.175   10.293   11.761   15.040
   15.489   17.827   18.431   20.904   22.572   23.413
            0.375000  0.505181  0.000000
  -65.989  -32.805  -32.794  -32.749    1.410    2.025    4.056   10.352   11.709   15.071
   15.519   17.916   18.368   20.902   22.490   23.275
            0.370833  0.512398  0.000000
  -65.989  -32.805  -32.795  -32.749    1.458    2.053    3.942   10.412   11.655   15.104
   15.541   17.998   18.311   20.918   22.408   23.139
            0.366666  0.519615  0.000000
  -65.989  -32.804  -32.796  -32.749    1.508    2.078    3.834   10.475   11.597   15.137
   15.556   18.071   18.260   20.951   22.328   23.007
            0.362500  0.526832  0.000000
  -65.989  -32.804  -32.796  -32.749    1.559    2.098    3.733   10.539   11.537   15.171
   15.564   18.135   18.215   21.003   22.247   22.879
            0.358333  0.534049  0.000000
  -65.989  -32.803  -32.797  -32.749    1.613    2.111    3.640   10.605   11.474   15.206
   15.565   18.177   18.188   21.072   22.168   22.755
            0.354166  0.541265  0.000000
  -65.989  -32.803  -32.797  -32.749    1.667    2.117    3.557   10.673   11.408   15.242
   15.559   18.145   18.231   21.159   22.089   22.637
            0.350000  0.548482  0.000000
  -65.989  -32.802  -32.798  -32.749    1.723    2.112    3.488   10.744   11.340   15.279
   15.546   18.119   18.263   21.262   22.012   22.525
            0.345833  0.555699  0.000000
  -65.989  -32.802  -32.799  -32.749    1.781    2.095    3.433   10.816   11.269   15.317
   15.527   18.099   18.287   21.376   21.935   22.421
            0.341666  0.562916  0.000000
  -65.989  -32.801  -32.799  -32.749    1.840    2.065    3.393   10.889   11.196   15.355
   15.502   18.084   18.303   21.498   21.860   22.329
            0.337500  0.570133  0.000000
  -65.989  -32.801  -32.800  -32.749    1.901    2.021    3.370   10.965   11.120   15.394
   15.471   18.076   18.311   21.617   21.785   22.259
            0.333333  0.577350  0.000000
  -65.989  -32.800  -32.800  -32.749    1.964    1.964    3.362   11.043   11.043   15.433
   15.433   18.073   18.314   21.712   21.712   22.228
            0.325000  0.562916  0.000000
  -65.989  -32.801  -32.799  -32.749    1.816    2.093    3.389   10.882   11.203   15.343
   15.515   18.084   18.305   21.569   21.737   22.378
            0.316666  0.548482  0.000000
  -65.989  -32.802  -32.798  -32.749    1.636    2.229    3.458   10.715   11.371   15.232
   15.598   18.116   18.279   21.432   21.634   22.708
            0.308333  0.534048  0.000000
  -65.989  -32.803  -32.797  -32.749    1.437    2.371    3.558   10.542   11.547   15.105
   15.683   18.168   18.241   21.300   21.522   23.094
            0.300000  0.519615  0.000000
  -65.989  -32.804  -32.796  -32.749    1.228    2.519    3.678   10.365   11.729   14.964
   15.769   18.188   18.239   21.175   21.429   23.503
            0.291666  0.505181  0.000000
  -65.989  -32.804  -32.795  -32.749    1.014    2.673    3.815   10.185   11.919   14.811
   15.857   18.123   18.328   21.055   21.363   23.921
            0.283333  0.490747  0.000000
  -65.989  -32.804  -32.794  -32.749    0.798    2.833    3.964   10.003   12.115   14.649
   15.944   18.043   18.433   20.943   21.326   24.341
            0.275000  0.476313  0.000000
  -65.989  -32.805  -32.793  -32.749    0.584    2.999    4.122    9.820   12.318   14.481
   16.031   17.951   18.555   20.839   21.318   24.756
            0.266666  0.461880  0.000000
  -65.989  -32.805  -32.792  -32.749    0.372    3.170    4.290    9.637   12.528   14.308
   16.117   17.846   18.691   20.742   21.338   25.159
            0.258333  0.447446  0.000000
  -65.989  -32.805  -32.791  -32.749    0.164    3.348    4.464    9.455   12.744   14.133
   16.201   17.731   18.842   20.654   21.385   25.544
            0.250000  0.433012  0.000000
  -65.989  -32.805  -32.790  -32.749   -0.041    3.532    4.645    9.274   12.966   13.956
   16.282   17.607   19.006   20.573   21.454   25.904
            0.241666  0.418579  0.000000
  -65.989  -32.804  -32.789  -32.750   -0.240    3.721    4.833    9.096   13.194   13.780
   16.360   17.478   19.183   20.502   21.544   26.229
            0.233333  0.404145  0.000000
  -65.989  -32.804  -32.788  -32.750   -0.434    3.915    5.025    8.920   13.428   13.604
   16.433   17.345   19.372   20.439   21.652   26.511
            0.225000  0.389711  0.000000
  -65.989  -32.803  -32.787  -32.750   -0.623    4.115    5.222    8.748   13.431   13.667
   16.500   17.210   19.573   20.385   21.774   26.335
            0.216666  0.375277  0.000000
  -65.990  -32.802  -32.786  -32.750   -0.806    4.321    5.424    8.580   13.260   13.911
   16.561   17.075   19.786   20.338   21.909   26.031
            0.208333  0.360844  0.000000
  -65.990  -32.802  -32.785  -32.750   -0.983    4.532    5.629    8.416   13.093   14.160
   16.614   16.941   20.010   20.297   22.055   25.726
            0.200000  0.346410  0.000000
  -65.990  -32.801  -32.784  -32.751   -1.154    4.747    5.838    8.257   12.930   14.414
   16.660   16.810   20.244   20.260   22.210   25.423
            0.191666  0.331976  0.000000
  -65.990  -32.799  -32.783  -32.751   -1.319    4.968    6.049    8.103   12.771   14.671
   16.682   16.698   20.224   20.488   22.372   25.129
            0.183333  0.317542  0.000000
  -65.990  -32.798  -32.782  -32.751   -1.477    5.193    6.262    7.953   12.617   14.932
   16.559   16.727   20.186   20.743   22.540   24.849
            0.175000  0.303109  0.000000
  -65.990  -32.797  -32.781  -32.751   -1.629    5.422    6.477    7.810   12.469   15.195
   16.441   16.748   20.141   21.008   22.713   24.590
            0.166666  0.288675  0.000000
  -65.990  -32.795  -32.780  -32.752   -1.774    5.656    6.693    7.672   12.326   15.461
   16.329   16.760   20.083   21.282   22.889   24.358
            0.158333  0.274241  0.000000
  -65.991  -32.794  -32.780  -32.752   -1.913    5.893    6.909    7.539   12.189   15.727
   16.223   16.764   20.007   21.565   23.067   24.162
            0.150000  0.259807  0.000000
  -65.991  -32.792  -32.779  -32.752   -2.045    6.134    7.125    7.413   12.058   15.994
   16.125   16.760   19.907   21.858   23.246   24.006
            0.141667  0.245374  0.000000
  -65.991  -32.791  -32.778  -32.752   -2.170    6.377    7.293    7.338   11.933   16.034
   16.261   16.749   19.780   22.159   23.424   23.896
            0.133333  0.230940  0.000000
  -65.991  -32.789  -32.777  -32.753   -2.288    6.623    7.180    7.550   11.815   15.950
   16.526   16.730   19.625   22.470   23.601   23.833
            0.125000  0.216506  0.000000
  -65.991  -32.788  -32.777  -32.753   -2.399    6.870    7.072    7.758   11.704   15.875
   16.704   16.788   19.445   22.789   23.772   23.816
            0.116667  0.202072  0.000000
  -65.991  -32.786  -32.776  -32.753   -2.503    6.972    7.118    7.961   11.599   15.808
   16.671   17.045   19.244   23.116   23.841   23.934
            0.108333  0.187639  0.000000
  -65.991  -32.784  -32.776  -32.753   -2.601    6.878    7.366    8.158   11.502   15.749
   16.630   17.297   19.028   23.452   23.903   24.065
            0.100000  0.173205  0.000000
  -65.992  -32.783  -32.775  -32.754   -2.691    6.790    7.612    8.349   11.412   15.699
   16.579   17.541   18.804   23.796   23.998   24.076
            0.091667  0.158771  0.000000
  -65.992  -32.781  -32.775  -32.754   -2.774    6.710    7.856    8.530   11.329   15.658
   16.519   17.776   18.581   23.883   24.118   24.148
            0.083333  0.144337  0.000000
  -65.992  -32.780  -32.774  -32.754   -2.850    6.636    8.095    8.702   11.254   15.624
   16.448   18.000   18.365   23.621   24.259   24.507
            0.075000  0.129904  0.000000
  -65.992  -32.779  -32.774  -32.754   -2.919    6.569    8.328    8.862   11.186   15.599
   16.365   18.164   18.210   23.355   24.416   24.832
            0.066667  0.115470  0.000000
  -65.992  -32.777  -32.774  -32.755   -2.981    6.509    8.552    9.009   11.126   15.581
   16.268   17.983   18.406   23.100   24.582   24.965
            0.058333  0.101036  0.000000
  -65.992  -32.776  -32.773  -32.755   -3.035    6.456    8.765    9.143   11.074   15.570
   16.160   17.827   18.583   22.862   24.754   25.091
            0.050000  0.086602  0.000000
  -65.992  -32.775  -32.773  -32.755   -3.083    6.410    8.962    9.260   11.029   15.564
   16.044   17.697   18.742   22.647   24.925   25.206
            0.041667  0.072169  0.000000
  -65.992  -32.774  -32.773  -32.755   -3.123    6.371    9.140    9.361   10.992   15.563
   15.927   17.593   18.879   22.457   25.089   25.308
            0.033333  0.057735  0.000000
  -65.992  -32.774  -32.773  -32.755   -3.156    6.339    9.295    9.445   10.962   15.565
   15.815   17.513   18.994   22.297   25.240   25.394
            0.025000  0.043301  0.000000
  -65.992  -32.773  -32.773  -32.755   -3.181    6.314    9.422    9.510   10.939   15.568
   15.716   17.455   19.085   22.169   25.370   25.464
            0.016667  0.028867  0.000000
  -65.992  -32.773  -32.772  -32.755   -3.199    6.296    9.517    9.558   10.923   15.571
   15.640   17.415   19.151   22.076   25.470   25.515
            0.008333  0.014434  0.000000
  -65.993  -32.772  -32.772  -32.755   -3.210    6.286    9.575    9.586   10.914   15.574
   15.591   17.392   19.190   22.019   25.534   25.546
            0.000000  0.000000  0.000000
  -65.993  -32.772  -32.772  -32.755   -3.214    6.282    9.595    9.595   10.911   15.575
   15.575   17.384   19.204   22.000   25.556   25.556
            0.000000  0.000000  0.010935
  -65.993  -32.772  -32.772  -32.755   -3.213    6.270    9.596    9.596   10.926   15.575
   15.575   17.384   19.203   22.001   25.540   25.540
            0.000000  0.000000  0.021870
  -65.993  -32.772  -32.772  -32.755   -3.209    6.233    9.597    9.597   10.972   15.577
   15.577   17.383   19.203   22.005   25.492   25.492
            0.000000  0.000000  0.032805
  -65.993  -32.772  -32.772  -32.755   -3.202    6.173    9.600    9.600   11.048   15.579
   15.579   17.382   19.203   22.011   25.415   25.415
            0.000000  0.000000  0.043740
  -65.993  -32.772  -32.772  -32.755   -3.192    6.093    9.604    9.604   11.151   15.582
   15.582   17.380   19.202   22.020   25.314   25.314
            0.000000  0.000000  0.054675
  -65.993  -32.772  -32.772  -32.756   -3.180    5.994    9.608    9.608   11.278   15.587
   15.587   17.378   19.202   22.032   25.193   25.193
            0.000000  0.000000  0.065609
  -65.992  -32.772  -32.772  -32.756   -3.165    5.880    9.614    9.614   11.427   15.592
   15.592   17.375   19.201   22.046   25.057   25.057
            0.000000  0.000000  0.076544
  -65.992  -32.772  -32.772  -32.756   -3.147    5.753    9.621    9.621   11.595   15.598
   15.598   17.371   19.200   22.062   24.909   24.909
            0.000000  0.000000  0.087479
  -65.992  -32.772  -32.772  -32.756   -3.127    5.615    9.628    9.628   11.781   15.605
   15.605   17.368   19.199   22.081   24.754   24.754
            0.000000  0.000000  0.098414
  -65.992  -32.772  -32.772  -32.756   -3.105    5.470    9.636    9.636   11.980   15.613
   15.613   17.363   19.198   22.102   24.593   24.593
            0.000000  0.000000  0.109349
  -65.992  -32.772  -32.772  -32.756   -3.079    5.317    9.646    9.646   12.193   15.621
   15.621   17.359   19.197   22.125   24.429   24.429
            0.000000  0.000000  0.120284
  -65.992  -32.772  -32.772  -32.757   -3.051    5.160    9.656    9.656   12.416   15.631
   15.631   17.354   19.195   22.151   24.263   24.263
            0.000000  0.000000  0.131219
  -65.992  -32.772  -32.772  -32.757   -3.021    5.000    9.667    9.667   12.649   15.641
   15.641   17.348   19.194   22.178   24.098   24.098
            0.000000  0.000000  0.142154
  -65.992  -32.772  -32.772  -32.757   -2.989    4.837    9.678    9.678   12.891   15.652
   15.652   17.342   19.192   22.208   23.933   23.933
            0.000000  0.000000  0.153089
  -65.992  -32.772  -32.772  -32.757   -2.954    4.673    9.690    9.690   13.140   15.663
   15.663   17.336   19.191   22.240   23.770   23.770
            0.000000  0.000000  0.164024
  -65.992  -32.772  -32.772  -32.758   -2.917    4.508    9.703    9.703   13.396   15.675
   15.675   17.330   19.189   22.274   23.609   23.609
            0.000000  0.000000  0.174959
  -65.992  -32.772  -32.772  -32.758   -2.877    4.344    9.716    9.716   13.658   15.687
   15.687   17.324   19.188   22.310   23.452   23.452
            0.000000  0.000000  0.185894
  -65.992  -32.772  -32.772  -32.758   -2.836    4.180    9.730    9.730   13.925   15.700
   15.700   17.317   19.186   22.347   23.298   23.298
            0.000000  0.000000  0.196828
  -65.992  -32.772  -32.772  -32.758   -2.793    4.018    9.744    9.744   14.196   15.713
   15.713   17.310   19.184   22.386   23.149   23.149
            0.000000  0.000000  0.207763
  -65.992  -32.772  -32.772  -32.759   -2.748    3.858    9.758    9.758   14.471   15.727
   15.727   17.304   19.183   22.426   23.004   23.004
            0.000000  0.000000  0.218698
  -65.992  -32.772  -32.772  -32.759   -2.702    3.701    9.772    9.772   14.750   15.740
   15.740   17.297   19.181   22.467   22.864   22.864
            0.000000  0.000000  0.229633
  -65.992  -32.772  -32.772  -32.759   -2.654    3.546    9.787    9.787   15.031   15.754
   15.754   17.290   19.179   22.510   22.729   22.729
            0.000000  0.000000  0.240568
  -65.992  -32.772  -32.772  -32.760   -2.605    3.395    9.801    9.801   15.315   15.768
   15.768   17.283   19.178   22.553   22.600   22.600
            0.000000  0.000000  0.251503
  -65.992  -32.772  -32.772  -32.760   -2.555    3.248    9.816    9.816   15.599   15.782
   15.782   17.276   19.176   22.476   22.476   22.597
            0.000000  0.000000  0.262438
  -65.992  -32.772  -32.772  -32.760   -2.504    3.104    9.830    9.830   15.795   15.795
   15.885   17.270   19.175   22.358   22.358   22.642
            0.000000  0.000000  0.273373
  -65.992  -32.772  -32.772  -32.760   -2.453    2.966    9.844    9.844   15.808   15.809
   16.171   17.264   19.173   22.246   22.246   22.686
            0.000000  0.000000  0.284308
  -65.992  -32.772  -32.772  -32.761   -2.402    2.832    9.858    9.858   15.822   15.822
   16.456   17.257   19.172   22.141   22.141   22.730
            0.000000  0.000000  0.295243
  -65.992  -32.772  -32.772  -32.761   -2.350    2.704    9.871    9.871   15.834   15.834
   16.739   17.251   19.170   22.042   22.042   22.774
            0.000000  0.000000  0.306178
  -65.992  -32.772  -32.772  -32.761   -2.300    2.582    9.883    9.883   15.846   15.846
   17.019   17.246   19.169   21.950   21.950   22.817
            0.000000  0.000000  0.317112
  -65.992  -32.772  -32.772  -32.761   -2.250    2.466    9.895    9.895   15.858   15.858
   17.240   17.294   19.168   21.864   21.864   22.859
            0.000000  0.000000  0.328047
  -65.992  -32.772  -32.772  -32.762   -2.202    2.357    9.907    9.907   15.869   15.869
   17.235   17.564   19.167   21.786   21.786   22.899
            0.000000  0.000000  0.338982
  -65.992  -32.772  -32.772  -32.762   -2.156    2.257    9.917    9.917   15.879   15.879
   17.231   17.825   19.166   21.715   21.715   22.937
            0.000000  0.000000  0.349917
  -65.992  -32.772  -32.772  -32.762   -2.113    2.164    9.927    9.927   15.888   15.888
   17.227   18.075   19.165   21.650   21.650   22.972
            0.000000  0.000000  0.360852
  -65.992  -32.772  -32.772  -32.762   -2.072    2.080    9.935    9.935   15.897   15.897
   17.223   18.313   19.164   21.593   21.593   23.005
            0.000000  0.000000  0.371787
  -65.992  -32.772  -32.772  -32.762   -2.036    2.005    9.943    9.943   15.904   15.904
   17.220   18.532   19.163   21.544   21.544   23.034
            0.000000  0.000000  0.382722
  -65.992  -32.772  -32.772  -32.762   -2.003    1.941    9.950    9.950   15.911   15.911
   17.217   18.731   19.163   21.502   21.502   23.060
            0.000000  0.000000  0.393657
  -65.992  -32.772  -32.772  -32.762   -1.976    1.888    9.955    9.955   15.916   15.916
   17.215   18.904   19.162   21.467   21.467   23.081
            0.000000  0.000000  0.404592
  -65.992  -32.772  -32.772  -32.763   -1.954    1.845    9.959    9.959   15.920   15.920
   17.213   19.045   19.162   21.440   21.440   23.098
            0.000000  0.000000  0.415527
  -65.992  -32.772  -32.772  -32.763   -1.938    1.815    9.962    9.962   15.923   15.923
   17.211   19.151   19.162   21.421   21.421   23.110
            0.000000  0.000000  0.426462
  -65.992  -32.772  -32.772  -32.763   -1.929    1.796    9.964    9.964   15.925   15.925
   17.211   19.162   19.216   21.410   21.410   23.117
            0.000000  0.000000  0.437396
  -65.992  -32.772  -32.772  -32.763   -1.925    1.790    9.965    9.965   15.925   15.926
   17.210   19.161   19.238   21.406   21.406   23.120
            0.012500  0.007217  0.437396
  -65.992  -32.772  -32.772  -32.763   -1.923    1.793    9.951    9.957   15.926   15.938
   17.186   19.168   19.241   21.390   21.413   23.131
            0.025000  0.014434  0.437396
  -65.992  -32.772  -32.772  -32.763   -1.915    1.803    9.911    9.936   15.928   15.977
   17.115   19.186   19.248   21.343   21.434   23.167
            0.037500  0.021651  0.437396
  -65.992  -32.772  -32.772  -32.763   -1.903    1.818    9.846    9.900   15.931   16.041
   17.000   19.217   19.259   21.270   21.461   23.224
            0.050000  0.028868  0.437396
  -65.992  -32.773  -32.772  -32.763   -1.886    1.840    9.756    9.851   15.933   16.128
   16.848   19.261   19.275   21.176   21.484   23.303
            0.062500  0.036084  0.437396
  -65.992  -32.773  -32.772  -32.762   -1.864    1.868    9.643    9.791   15.934   16.239
   16.663   19.295   19.319   21.066   21.493   23.401
            0.075000  0.043301  0.437396
  -65.992  -32.774  -32.772  -32.762   -1.837    1.903    9.509    9.720   15.932   16.371
   16.451   19.319   19.390   20.945   21.480   23.516
            0.087500  0.050518  0.437396
  -65.992  -32.775  -32.773  -32.762   -1.805    1.943    9.357    9.641   15.927   16.219
   16.523   19.347   19.474   20.817   21.440   23.643
            0.100000  0.057735  0.437396
  -65.992  -32.776  -32.773  -32.762   -1.768    1.990    9.189    9.554   15.917   15.969
   16.693   19.378   19.572   20.685   21.374   23.781
            0.112500  0.064952  0.437396
  -65.992  -32.777  -32.773  -32.762   -1.726    2.043    9.006    9.461   15.705   15.902
   16.880   19.412   19.682   20.551   21.286   23.923
            0.125000  0.072169  0.437396
  -65.992  -32.778  -32.773  -32.762   -1.679    2.102    8.811    9.363   15.431   15.882
   17.083   19.447   19.804   20.416   21.181   24.065
            0.137500  0.079386  0.437396
  -65.992  -32.779  -32.774  -32.762   -1.628    2.167    8.605    9.262   15.148   15.857
   17.300   19.483   19.938   20.282   21.066   24.203
            0.150000  0.086603  0.437396
  -65.992  -32.780  -32.774  -32.761   -1.571    2.238    8.390    9.158   14.859   15.828
   17.530   19.517   20.081   20.149   20.947   24.331
            0.162500  0.093819  0.437396
  -65.991  -32.781  -32.774  -32.761   -1.510    2.315    8.167    9.053   14.566   15.794
   17.771   19.548   20.019   20.234   20.832   24.448
            0.175000  0.101036  0.437396
  -65.991  -32.783  -32.774  -32.761   -1.444    2.398    7.938    8.948   14.269   15.758
   18.024   19.571   19.892   20.395   20.725   24.553
            0.187500  0.108253  0.437396
  -65.991  -32.784  -32.775  -32.761   -1.373    2.487    7.705    8.843   13.969   15.719
   18.287   19.580   19.769   20.563   20.636   24.646
            0.200000  0.115470  0.437396
  -65.991  -32.786  -32.775  -32.760   -1.297    2.582    7.467    8.739   13.668   15.677
   18.558   19.571   19.649   20.571   20.737   24.728
            0.212500  0.122687  0.437396
  -65.991  -32.787  -32.776  -32.760   -1.216    2.683    7.226    8.636   13.367   15.634
   18.838   19.533   19.538   20.536   20.916   24.802
            0.225000  0.129904  0.437396
  -65.991  -32.789  -32.776  -32.760   -1.130    2.789    6.984    8.535   13.066   15.591
   19.126   19.422   19.483   20.532   21.099   24.870
            0.237500  0.137121  0.437396
  -65.991  -32.790  -32.776  -32.760   -1.040    2.901    6.740    8.437   12.765   15.546
   19.314   19.407   19.420   20.555   21.287   24.931
            0.250000  0.144338  0.437396
  -65.991  -32.792  -32.777  -32.759   -0.944    3.018    6.495    8.342   12.466   15.502
   19.212   19.318   19.721   20.601   21.477   24.988
            0.262500  0.151554  0.437396
  -65.990  -32.793  -32.777  -32.759   -0.844    3.141    6.250    8.249   12.169   15.458
   19.113   19.221   20.027   20.664   21.669   25.041
            0.275000  0.158771  0.437396
  -65.990  -32.795  -32.777  -32.759   -0.739    3.268    6.005    8.161   11.874   15.415
   19.020   19.120   20.338   20.739   21.863   25.089
            0.287500  0.165988  0.437396
  -65.990  -32.796  -32.778  -32.759   -0.630    3.401    5.762    8.076   11.581   15.373
   18.932   19.018   20.653   20.825   22.058   25.134
            0.300000  0.173205  0.437396
  -65.990  -32.798  -32.778  -32.758   -0.516    3.539    5.519    7.994   11.292   15.332
   18.848   18.918   20.917   20.971   22.254   25.176
            0.312500  0.180422  0.437396
  -65.990  -32.799  -32.778  -32.758   -0.397    3.681    5.279    7.918   11.007   15.293
   18.769   18.820   21.016   21.291   22.449   25.213
            0.325000  0.187639  0.437396
  -65.990  -32.801  -32.779  -32.758   -0.273    3.828    5.040    7.845   10.726   15.255
   18.695   18.727   21.119   21.613   22.644   25.246
            0.337500  0.194856  0.437396
  -65.990  -32.802  -32.779  -32.758   -0.145    3.978    4.804    7.777   10.449   15.220
   18.626   18.639   21.226   21.935   22.837   25.274
            0.350000  0.202073  0.437396
  -65.990  -32.803  -32.779  -32.757   -0.012    4.133    4.570    7.713   10.178   15.187
   18.556   18.563   21.334   22.255   23.028   25.297
            0.362500  0.209289  0.437396
  -65.989  -32.804  -32.780  -32.757    0.125    4.290    4.340    7.654    9.913   15.156
   18.478   18.504   21.444   22.573   23.216   25.313
            0.375000  0.216506  0.437396
  -65.989  -32.805  -32.780  -32.757    0.266    4.112    4.449    7.600    9.654   15.127
   18.407   18.450   21.555   22.887   23.401   25.323
            0.387500  0.223723  0.437396
  -65.989  -32.807  -32.780  -32.757    0.412    3.889    4.611    7.551    9.403   15.101
   18.342   18.401   21.664   23.193   23.581   25.326
            0.400000  0.230940  0.437396
  -65.989  -32.807  -32.780  -32.757    0.561    3.669    4.772    7.507    9.161   15.077
   18.283   18.358   21.770   23.490   23.757   25.320
            0.412500  0.238157  0.437396
  -65.989  -32.808  -32.781  -32.757    0.714    3.453    4.932    7.468    8.930   15.056
   18.232   18.319   21.873   23.773   23.926   25.305
            0.425000  0.245374  0.437396
  -65.989  -32.809  -32.781  -32.756    0.871    3.243    5.088    7.434    8.712   15.038
   18.186   18.286   21.969   24.039   24.089   25.280
            0.437500  0.252591  0.437396
  -65.989  -32.810  -32.781  -32.756    1.029    3.038    5.237    7.405    8.510   15.022
   18.148   18.258   22.058   24.244   24.282   25.227
            0.450000  0.259808  0.437396
  -65.989  -32.810  -32.781  -32.756    1.188    2.841    5.375    7.382    8.329   15.009
   18.116   18.235   22.135   24.391   24.496   25.149
            0.462500  0.267024  0.437396
  -65.989  -32.811  -32.781  -32.756    1.345    2.655    5.495    7.363    8.175   14.999
   18.092   18.217   22.199   24.527   24.674   25.084
            0.475000  0.274241  0.437396
  -65.989  -32.811  -32.781  -32.756    1.493    2.486    5.591    7.350    8.056   14.992
   18.074   18.204   22.248   24.652   24.809   25.035
            0.487500  0.281458  0.437396
  -65.989  -32.811  -32.781  -32.756    1.612    2.354    5.653    7.342    7.979   14.988
   18.064   18.196   22.278   24.762   24.893   24.998
            0.500000  0.288675  0.437396
  -65.989  -32.811  -32.781  -32.756    1.663    2.299    5.675    7.340    7.953   14.986
   18.060   18.194   22.288   24.824   24.921   24.948
