 &plot nbnd=  24, nks=   201 /
           -1.000000  0.500000  0.000000
  -94.427  -55.466  -55.466  -55.466  -28.294  -28.293  -28.293  -28.287  -28.287   -2.762
   -0.350   -0.342   -0.256   -0.230    0.252    3.742    5.555    5.694   11.678   12.343
   13.147   13.988   16.967   18.644
           -0.987500  0.500000  0.012500
  -94.427  -55.466  -55.466  -55.466  -28.294  -28.293  -28.293  -28.287  -28.287   -2.762
   -0.350   -0.342   -0.256   -0.230    0.252    3.742    5.548    5.703   11.674   12.345
   13.144   13.996   16.952   18.611
           -0.975000  0.500000  0.025000
  -94.427  -55.466  -55.466  -55.466  -28.294  -28.293  -28.293  -28.287  -28.287   -2.763
   -0.350   -0.342   -0.256   -0.230    0.251    3.743    5.531    5.727   11.662   12.351
   13.137   14.020   16.909   18.543
           -0.962500  0.500000  0.037500
  -94.427  -55.466  -55.466  -55.466  -28.294  -28.293  -28.293  -28.287  -28.287   -2.764
   -0.351   -0.342   -0.256   -0.230    0.249    3.745    5.511    5.760   11.642   12.359
   13.127   14.059   16.839   18.469
           -0.950000  0.500000  0.050000
  -94.427  -55.466  -55.466  -55.466  -28.294  -28.293  -28.293  -28.287  -28.287   -2.765
   -0.352   -0.342   -0.256   -0.230    0.247    3.747    5.492    5.797   11.616   12.368
   13.117   14.110   16.747   18.400
           -0.937500  0.500000  0.062500
  -94.427  -55.466  -55.466  -55.466  -28.294  -28.293  -28.293  -28.287  -28.287   -2.766
   -0.352   -0.343   -0.256   -0.230    0.243    3.750    5.474    5.838   11.585   12.376
   13.110   14.172   16.636   18.339
           -0.925000  0.500000  0.075000
  -94.427  -55.466  -55.466  -55.466  -28.294  -28.293  -28.293  -28.287  -28.287   -2.768
   -0.354   -0.343   -0.255   -0.230    0.240    3.753    5.460    5.881   11.549   12.381
   13.108   14.242   16.510   18.285
           -0.912500  0.500000  0.087500
  -94.427  -55.466  -55.466  -55.466  -28.294  -28.293  -28.293  -28.287  -28.287   -2.770
   -0.355   -0.344   -0.255   -0.230    0.235    3.756    5.450    5.925   11.509   12.383
   13.113   14.319   16.374   18.237
           -0.900000  0.500000  0.100000
  -94.427  -55.466  -55.466  -55.466  -28.294  -28.293  -28.293  -28.287  -28.287   -2.772
   -0.356   -0.345   -0.255   -0.229    0.231    3.758    5.444    5.970   11.466   12.380
   13.126   14.402   16.230   18.193
           -0.887500  0.500000  0.112500
  -94.427  -55.466  -55.466  -55.466  -28.294  -28.293  -28.293  -28.287  -28.287   -2.774
   -0.357   -0.346   -0.254   -0.229    0.225    3.761    5.443    6.016   11.420   12.374
   13.147   14.490   16.082   18.153
           -0.875000  0.500000  0.125000
  -94.427  -55.466  -55.466  -55.466  -28.294  -28.293  -28.293  -28.287  -28.287   -2.777
   -0.359   -0.347   -0.254   -0.229    0.219    3.762    5.447    6.063   11.371   12.364
   13.176   14.582   15.932   18.115
           -0.862500  0.500000  0.137500
  -94.427  -55.466  -55.466  -55.466  -28.294  -28.293  -28.293  -28.287  -28.287   -2.780
   -0.361   -0.349   -0.253   -0.229    0.213    3.762    5.456    6.110   11.319   12.352
   13.210   14.678   15.781   18.078
           -0.850000  0.500000  0.150000
  -94.427  -55.466  -55.466  -55.466  -28.294  -28.293  -28.293  -28.287  -28.287   -2.783
   -0.362   -0.350   -0.252   -0.229    0.207    3.762    5.470    6.158   11.265   12.339
   13.250   14.777   15.632   18.042
           -0.837500  0.500000  0.162500
  -94.427  -55.466  -55.466  -55.466  -28.294  -28.293  -28.293  -28.287  -28.287   -2.787
   -0.364   -0.352   -0.252   -0.228    0.200    3.760    5.491    6.205   11.208   12.327
   13.292   14.879   15.486   18.007
           -0.825000  0.500000  0.175000
  -94.427  -55.466  -55.466  -55.466  -28.294  -28.293  -28.293  -28.287  -28.287   -2.790
   -0.366   -0.354   -0.251   -0.228    0.193    3.757    5.516    6.252   11.149   12.316
   13.337   14.983   15.344   17.971
           -0.812500  0.500000  0.187500
  -94.427  -55.466  -55.466  -55.466  -28.294  -28.293  -28.293  -28.287  -28.287   -2.794
   -0.368   -0.356   -0.250   -0.228    0.186    3.752    5.548    6.298   11.087   12.307
   13.382   15.089   15.209   17.936
           -0.800000  0.500000  0.200000
  -94.427  -55.466  -55.466  -55.466  -28.294  -28.293  -28.293  -28.287  -28.287   -2.798
   -0.369   -0.358   -0.249   -0.228    0.179    3.747    5.584    6.344   11.022   12.300
   13.425   15.079   15.199   17.899
           -0.787500  0.500000  0.212500
  -94.427  -55.466  -55.466  -55.466  -28.294  -28.293  -28.293  -28.287  -28.287   -2.801
   -0.371   -0.360   -0.248   -0.227    0.172    3.740    5.626    6.388   10.955   12.297
   13.464   14.961   15.309   17.859
           -0.775000  0.500000  0.225000
  -94.427  -55.466  -55.466  -55.466  -28.294  -28.293  -28.293  -28.287  -28.287   -2.805
   -0.373   -0.362   -0.246   -0.227    0.165    3.732    5.673    6.432   10.885   12.297
   13.498   14.854   15.419   17.816
           -0.762500  0.500000  0.237500
  -94.427  -55.466  -55.466  -55.466  -28.294  -28.293  -28.293  -28.287  -28.287   -2.809
   -0.375   -0.365   -0.245   -0.227    0.157    3.723    5.725    6.475   10.813   12.302
   13.524   14.761   15.531   17.766
           -0.750000  0.500000  0.250000
  -94.427  -55.466  -55.466  -55.466  -28.294  -28.293  -28.293  -28.287  -28.287   -2.813
   -0.377   -0.367   -0.244   -0.227    0.150    3.713    5.780    6.517   10.738   12.310
   13.538   14.684   15.642   17.705
           -0.737500  0.500000  0.262500
  -94.427  -55.466  -55.466  -55.466  -28.294  -28.293  -28.293  -28.287  -28.287   -2.817
   -0.379   -0.369   -0.243   -0.227    0.143    3.703    5.840    6.557   10.661   12.322
   13.539   14.626   15.752   17.632
           -0.725000  0.500000  0.275000
  -94.427  -55.466  -55.466  -55.466  -28.294  -28.293  -28.293  -28.287  -28.287   -2.822
   -0.380   -0.372   -0.241   -0.226    0.137    3.692    5.904    6.595   10.582   12.338
   13.525   14.588   15.861   17.547
           -0.712500  0.500000  0.287500
  -94.427  -55.466  -55.466  -55.466  -28.294  -28.293  -28.293  -28.287  -28.287   -2.825
   -0.382   -0.374   -0.240   -0.226    0.130    3.681    5.971    6.632   10.501   12.358
   13.497   14.569   15.966   17.456
           -0.700000  0.500000  0.300000
  -94.427  -55.466  -55.466  -55.466  -28.294  -28.293  -28.293  -28.287  -28.287   -2.829
   -0.384   -0.377   -0.239   -0.226    0.124    3.669    6.040    6.668   10.419   12.382
   13.458   14.566   16.064   17.365
           -0.687500  0.500000  0.312500
  -94.427  -55.466  -55.466  -55.466  -28.294  -28.293  -28.293  -28.287  -28.287   -2.833
   -0.385   -0.379   -0.237   -0.226    0.118    3.658    6.112    6.701   10.335   12.409
   13.409   14.575   16.153   17.283
           -0.675000  0.500000  0.325000
  -94.427  -55.466  -55.466  -55.466  -28.294  -28.293  -28.293  -28.287  -28.287   -2.837
   -0.387   -0.381   -0.236   -0.226    0.112    3.647    6.186    6.733   10.250   12.439
   13.355   14.592   16.227   17.220
           -0.662500  0.500000  0.337500
  -94.427  -55.466  -55.466  -55.466  -28.294  -28.293  -28.293  -28.287  -28.287   -2.840
   -0.388   -0.383   -0.234   -0.225    0.106    3.636    6.260    6.762   10.164   12.473
   13.299   14.614   16.279   17.183
           -0.650000  0.500000  0.350000
  -94.427  -55.466  -55.466  -55.466  -28.294  -28.293  -28.293  -28.287  -28.287   -2.844
   -0.390   -0.385   -0.233   -0.225    0.101    3.625    6.336    6.790   10.078   12.508
   13.242   14.637   16.305   17.180
           -0.637500  0.500000  0.362500
  -94.427  -55.466  -55.466  -55.466  -28.294  -28.293  -28.293  -28.287  -28.287   -2.847
   -0.391   -0.387   -0.232   -0.225    0.096    3.615    6.411    6.815    9.994   12.546
   13.187   14.660   16.305   17.210
           -0.625000  0.500000  0.375000
  -94.427  -55.466  -55.466  -55.466  -28.294  -28.293  -28.293  -28.287  -28.287   -2.850
   -0.392   -0.389   -0.231   -0.225    0.092    3.605    6.486    6.839    9.910   12.586
   13.135   14.678   16.286   17.268
           -0.612500  0.500000  0.387500
  -94.427  -55.466  -55.466  -55.466  -28.294  -28.293  -28.293  -28.287  -28.287   -2.853
   -0.393   -0.391   -0.230   -0.225    0.088    3.596    6.558    6.860    9.829   12.626
   13.086   14.692   16.256   17.345
           -0.600000  0.500000  0.400000
  -94.427  -55.466  -55.466  -55.466  -28.294  -28.293  -28.293  -28.287  -28.287   -2.855
   -0.394   -0.392   -0.229   -0.225    0.084    3.588    6.628    6.879    9.751   12.666
   13.041   14.701   16.224   17.433
           -0.587500  0.500000  0.412500
  -94.427  -55.466  -55.466  -55.466  -28.294  -28.293  -28.293  -28.287  -28.287   -2.858
   -0.395   -0.394   -0.228   -0.225    0.081    3.581    6.695    6.896    9.678   12.706
   13.001   14.704   16.193   17.525
           -0.575000  0.500000  0.425000
  -94.427  -55.466  -55.466  -55.466  -28.294  -28.293  -28.293  -28.287  -28.287   -2.860
   -0.396   -0.395   -0.227   -0.225    0.078    3.575    6.756    6.911    9.610   12.743
   12.966   14.701   16.166   17.615
           -0.562500  0.500000  0.437500
  -94.427  -55.466  -55.466  -55.466  -28.294  -28.293  -28.293  -28.287  -28.287   -2.861
   -0.397   -0.396   -0.226   -0.224    0.076    3.569    6.812    6.923    9.550   12.778
   12.936   14.694   16.145   17.699
           -0.550000  0.500000  0.450000
  -94.427  -55.466  -55.466  -55.466  -28.294  -28.293  -28.293  -28.287  -28.287   -2.863
   -0.397   -0.397   -0.225   -0.224    0.074    3.564    6.860    6.933    9.497   12.808
   12.912   14.685   16.130   17.771
           -0.537500  0.500000  0.462500
  -94.427  -55.466  -55.466  -55.466  -28.294  -28.293  -28.293  -28.287  -28.287   -2.864
   -0.398   -0.398   -0.225   -0.224    0.072    3.561    6.899    6.941    9.455   12.833
   12.893   14.675   16.119   17.827
           -0.525000  0.500000  0.475000
  -94.427  -55.466  -55.466  -55.466  -28.294  -28.293  -28.293  -28.287  -28.287   -2.865
   -0.398   -0.398   -0.225   -0.224    0.071    3.558    6.927    6.947    9.423   12.852
   12.879   14.666   16.112   17.865
           -0.512500  0.500000  0.487500
  -94.427  -55.466  -55.466  -55.466  -28.294  -28.293  -28.293  -28.287  -28.287   -2.865
   -0.398   -0.398   -0.224   -0.224    0.070    3.557    6.945    6.950    9.404   12.864
   12.871   14.661   16.108   17.885
           -0.500000  0.500000  0.500000
  -94.427  -55.466  -55.466  -55.466  -28.294  -28.293  -28.293  -28.287  -28.287   -2.865
   -0.398   -0.398   -0.224   -0.224    0.070    3.556    6.951    6.951    9.398   12.868
   12.868   14.658   16.107   17.891
           -0.487500  0.487500  0.487500
  -94.427  -55.466  -55.466  -55.466  -28.294  -28.293  -28.293  -28.287  -28.287   -2.866
   -0.398   -0.398   -0.224   -0.224    0.068    3.561    6.952    6.952    9.398   12.868
   12.868   14.654   16.097   17.868
           -0.475000  0.475000  0.475000
  -94.427  -55.466  -55.466  -55.466  -28.294  -28.293  -28.293  -28.287  -28.287   -2.867
   -0.399   -0.399   -0.225   -0.225    0.064    3.575    6.955    6.955    9.400   12.870
   12.870   14.642   16.069   17.805
           -0.462500  0.462500  0.462500
  -94.427  -55.466  -55.466  -55.466  -28.294  -28.293  -28.293  -28.287  -28.287   -2.870
   -0.399   -0.399   -0.225   -0.225    0.057    3.598    6.959    6.959    9.403   12.871
   12.871   14.621   16.026   17.714
           -0.450000  0.450000  0.450000
  -94.427  -55.466  -55.466  -55.466  -28.294  -28.293  -28.293  -28.287  -28.287   -2.873
   -0.399   -0.399   -0.225   -0.225    0.046    3.630    6.965    6.965    9.408   12.874
   12.874   14.590   15.974   17.603
           -0.437500  0.437500  0.437500
  -94.427  -55.466  -55.466  -55.466  -28.294  -28.293  -28.293  -28.287  -28.287   -2.878
   -0.400   -0.400   -0.225   -0.225    0.034    3.670    6.973    6.973    9.413   12.877
   12.877   14.547   15.918   17.483
           -0.425000  0.425000  0.425000
  -94.427  -55.466  -55.466  -55.466  -28.294  -28.293  -28.293  -28.287  -28.287   -2.883
   -0.401   -0.401   -0.226   -0.226    0.019    3.719    6.983    6.983    9.420   12.880
   12.880   14.492   15.865   17.358
           -0.412500  0.412500  0.412500
  -94.427  -55.466  -55.466  -55.466  -28.294  -28.293  -28.293  -28.287  -28.287   -2.890
   -0.401   -0.401   -0.226   -0.226    0.002    3.776    6.994    6.994    9.428   12.883
   12.883   14.423   15.818   17.231
           -0.400000  0.400000  0.400000
  -94.427  -55.466  -55.466  -55.466  -28.294  -28.293  -28.293  -28.287  -28.287   -2.897
   -0.402   -0.402   -0.227   -0.227   -0.016    3.841    7.006    7.006    9.437   12.887
   12.887   14.341   15.779   17.106
           -0.387500  0.387500  0.387500
  -94.427  -55.466  -55.466  -55.466  -28.294  -28.293  -28.293  -28.287  -28.287   -2.905
   -0.403   -0.403   -0.227   -0.227   -0.036    3.913    7.021    7.021    9.446   12.890
   12.890   14.246   15.752   16.984
           -0.375000  0.375000  0.375000
  -94.427  -55.466  -55.466  -55.466  -28.294  -28.293  -28.293  -28.287  -28.287   -2.914
   -0.404   -0.404   -0.228   -0.228   -0.057    3.992    7.037    7.037    9.456   12.892
   12.892   14.140   15.736   16.866
           -0.362500  0.362500  0.362500
  -94.427  -55.466  -55.466  -55.466  -28.294  -28.293  -28.293  -28.287  -28.287   -2.924
   -0.406   -0.406   -0.228   -0.228   -0.079    4.077    7.054    7.054    9.466   12.894
   12.894   14.024   15.730   16.754
           -0.350000  0.350000  0.350000
  -94.427  -55.466  -55.466  -55.466  -28.294  -28.293  -28.293  -28.287  -28.287   -2.934
   -0.407   -0.407   -0.229   -0.229   -0.101    4.169    7.073    7.073    9.477   12.894
   12.894   13.902   15.734   16.648
           -0.337500  0.337500  0.337500
  -94.427  -55.466  -55.466  -55.466  -28.294  -28.293  -28.293  -28.287  -28.287   -2.945
   -0.409   -0.409   -0.229   -0.229   -0.123    4.266    7.092    7.092    9.488   12.893
   12.893   13.775   15.746   16.550
           -0.325000  0.325000  0.325000
  -94.427  -55.466  -55.466  -55.466  -28.294  -28.293  -28.293  -28.287  -28.287   -2.957
   -0.410   -0.410   -0.230   -0.230   -0.146    4.368    7.114    7.114    9.498   12.889
   12.889   13.646   15.766   16.459
           -0.312500  0.312500  0.312500
  -94.427  -55.466  -55.466  -55.466  -28.294  -28.293  -28.293  -28.287  -28.287   -2.969
   -0.412   -0.412   -0.230   -0.230   -0.168    4.475    7.136    7.136    9.507   12.884
   12.884   13.515   15.791   16.376
           -0.300000  0.300000  0.300000
  -94.427  -55.466  -55.466  -55.466  -28.294  -28.293  -28.293  -28.287  -28.287   -2.982
   -0.414   -0.414   -0.231   -0.231   -0.190    4.587    7.159    7.159    9.515   12.876
   12.876   13.385   15.822   16.303
           -0.287500  0.287500  0.287500
  -94.427  -55.466  -55.466  -55.466  -28.294  -28.293  -28.293  -28.287  -28.287   -2.995
   -0.416   -0.416   -0.231   -0.231   -0.212    4.703    7.183    7.183    9.521   12.865
   12.865   13.256   15.857   16.239
           -0.275000  0.275000  0.275000
  -94.427  -55.466  -55.466  -55.466  -28.294  -28.293  -28.293  -28.287  -28.287   -3.008
   -0.418   -0.418   -0.232   -0.231   -0.231    4.822    7.208    7.208    9.525   12.851
   12.851   13.131   15.895   16.185
           -0.262500  0.262500  0.262500
  -94.427  -55.466  -55.466  -55.466  -28.294  -28.293  -28.293  -28.287  -28.287   -3.021
   -0.420   -0.420   -0.252   -0.232   -0.232    4.946    7.234    7.234    9.525   12.834
   12.834   13.011   15.935   16.141
           -0.250000  0.250000  0.250000
  -94.427  -55.466  -55.466  -55.466  -28.294  -28.293  -28.293  -28.287  -28.287   -3.035
   -0.422   -0.422   -0.272   -0.232   -0.232    5.072    7.260    7.260    9.522   12.814
   12.814   12.896   15.975   16.108
           -0.237500  0.237500  0.237500
  -94.427  -55.466  -55.466  -55.466  -28.294  -28.293  -28.293  -28.287  -28.287   -3.048
   -0.424   -0.424   -0.290   -0.232   -0.232    5.202    7.287    7.287    9.514   12.788
   12.790   12.790   16.014   16.085
           -0.225000  0.225000  0.225000
  -94.427  -55.466  -55.466  -55.466  -28.294  -28.293  -28.293  -28.287  -28.287   -3.062
   -0.426   -0.426   -0.307   -0.232   -0.232    5.334    7.314    7.314    9.501   12.688
   12.764   12.764   16.050   16.072
           -0.212500  0.212500  0.212500
  -94.427  -55.466  -55.466  -55.466  -28.294  -28.293  -28.293  -28.287  -28.287   -3.075
   -0.428   -0.428   -0.323   -0.233   -0.233    5.469    7.341    7.341    9.482   12.597
   12.734   12.734   16.070   16.070
           -0.200000  0.200000  0.200000
  -94.427  -55.466  -55.466  -55.466  -28.294  -28.293  -28.293  -28.287  -28.287   -3.088
   -0.430   -0.430   -0.339   -0.233   -0.233    5.606    7.368    7.368    9.455   12.515
   12.703   12.703   16.078   16.078
           -0.187500  0.187500  0.187500
  -94.427  -55.466  -55.466  -55.466  -28.294  -28.293  -28.293  -28.287  -28.287   -3.101
   -0.433   -0.433   -0.353   -0.233   -0.233    5.744    7.394    7.394    9.421   12.443
   12.670   12.670   16.096   16.096
           -0.175000  0.175000  0.175000
  -94.427  -55.466  -55.466  -55.466  -28.294  -28.294  -28.294  -28.287  -28.287   -3.113
   -0.435   -0.435   -0.366   -0.233   -0.233    5.884    7.420    7.420    9.379   12.383
   12.635   12.635   16.083   16.123
           -0.162500  0.162500  0.162500
  -94.427  -55.466  -55.466  -55.466  -28.294  -28.294  -28.294  -28.287  -28.287   -3.125
   -0.437   -0.437   -0.378   -0.233   -0.233    6.026    7.446    7.446    9.328   12.333
   12.599   12.599   16.042   16.159
           -0.150000  0.150000  0.150000
  -94.427  -55.466  -55.466  -55.466  -28.294  -28.294  -28.294  -28.287  -28.287   -3.136
   -0.439   -0.439   -0.390   -0.233   -0.233    6.168    7.471    7.471    9.268   12.294
   12.564   12.564   15.977   16.203
           -0.137500  0.137500  0.137500
  -94.427  -55.466  -55.466  -55.466  -28.294  -28.294  -28.294  -28.287  -28.287   -3.147
   -0.441   -0.441   -0.400   -0.233   -0.233    6.311    7.495    7.495    9.199   12.266
   12.528   12.528   15.892   16.256
           -0.125000  0.125000  0.125000
  -94.427  -55.466  -55.466  -55.466  -28.294  -28.294  -28.294  -28.287  -28.287   -3.156
   -0.442   -0.442   -0.409   -0.233   -0.233    6.454    7.517    7.517    9.122   12.247
   12.493   12.493   15.793   16.315
           -0.112500  0.112500  0.112500
  -94.427  -55.466  -55.466  -55.466  -28.294  -28.294  -28.294  -28.287  -28.287   -3.166
   -0.444   -0.444   -0.417   -0.233   -0.233    6.598    7.538    7.538    9.037   12.237
   12.460   12.460   15.686   16.381
           -0.100000  0.100000  0.100000
  -94.427  -55.466  -55.466  -55.466  -28.294  -28.294  -28.294  -28.287  -28.287   -3.174
   -0.446   -0.446   -0.425   -0.232   -0.232    6.740    7.558    7.558    8.944   12.235
   12.429   12.429   15.578   16.453
           -0.087500  0.087500  0.087500
  -94.427  -55.466  -55.466  -55.466  -28.294  -28.294  -28.294  -28.287  -28.287   -3.182
   -0.447   -0.447   -0.431   -0.232   -0.232    6.882    7.576    7.576    8.846   12.239
   12.400   12.400   15.473   16.530
           -0.075000  0.075000  0.075000
  -94.427  -55.466  -55.466  -55.466  -28.294  -28.294  -28.294  -28.287  -28.287   -3.188
   -0.448   -0.448   -0.437   -0.232   -0.232    7.022    7.591    7.591    8.743   12.247
   12.375   12.375   15.375   16.610
           -0.062500  0.062500  0.062500
  -94.427  -55.466  -55.466  -55.466  -28.294  -28.294  -28.294  -28.287  -28.287   -3.194
   -0.449   -0.449   -0.441   -0.232   -0.232    7.158    7.605    7.605    8.636   12.258
   12.352   12.352   15.286   16.693
           -0.050000  0.050000  0.050000
  -94.427  -55.466  -55.466  -55.466  -28.294  -28.294  -28.294  -28.287  -28.287   -3.199
   -0.450   -0.450   -0.445   -0.232   -0.232    7.290    7.616    7.616    8.528   12.270
   12.333   12.333   15.210   16.775
           -0.037500  0.037500  0.037500
  -94.427  -55.466  -55.466  -55.466  -28.294  -28.294  -28.294  -28.287  -28.287   -3.202
   -0.451   -0.451   -0.448   -0.232   -0.232    7.414    7.625    7.625    8.423   12.281
   12.318   12.318   15.148   16.854
           -0.025000  0.025000  0.025000
  -94.427  -55.466  -55.466  -55.466  -28.294  -28.294  -28.294  -28.287  -28.287   -3.205
   -0.451   -0.451   -0.450   -0.232   -0.232    7.524    7.632    7.632    8.326   12.290
   12.307   12.307   15.103   16.922
           -0.012500  0.012500  0.012500
  -94.427  -55.466  -55.466  -55.466  -28.294  -28.294  -28.294  -28.287  -28.287   -3.206
   -0.452   -0.452   -0.451   -0.232   -0.232    7.605    7.636    7.636    8.253   12.296
   12.301   12.301   15.075   16.971
            0.000000  0.000000  0.000000
  -94.427  -55.466  -55.466  -55.466  -28.294  -28.294  -28.294  -28.287  -28.287   -3.207
   -0.452   -0.452   -0.452   -0.232   -0.232    7.637    7.637    7.637    8.223   12.299
   12.299   12.299   15.066   16.989
           -0.025000  0.000000  0.000000
  -94.427  -55.466  -55.466  -55.466  -28.294  -28.294  -28.294  -28.287  -28.287   -3.206
   -0.451   -0.451   -0.451   -0.232   -0.232    7.599    7.633    7.633    8.262   12.290
   12.304   12.304   15.078   16.941
           -0.050000  0.000000  0.000000
  -94.427  -55.466  -55.466  -55.466  -28.294  -28.294  -28.294  -28.287  -28.287   -3.204
   -0.451   -0.451   -0.450   -0.232   -0.232    7.505    7.622    7.622    8.358   12.266
   12.321   12.321   15.115   16.820
           -0.075000  0.000000  0.000000
  -94.427  -55.466  -55.466  -55.466  -28.294  -28.294  -28.294  -28.287  -28.287   -3.201
   -0.450   -0.450   -0.448   -0.233   -0.232    7.384    7.604    7.604    8.482   12.227
   12.349   12.349   15.175   16.661
           -0.100000  0.000000  0.000000
  -94.427  -55.466  -55.466  -55.466  -28.294  -28.294  -28.294  -28.287  -28.287   -3.196
   -0.449   -0.449   -0.445   -0.233   -0.231    7.251    7.579    7.579    8.618   12.176
   12.387   12.387   15.255   16.485
           -0.125000  0.000000  0.000000
  -94.427  -55.466  -55.466  -55.466  -28.294  -28.294  -28.294  -28.287  -28.287   -3.189
   -0.447   -0.447   -0.441   -0.234   -0.231    7.112    7.547    7.547    8.761   12.114
   12.436   12.436   15.353   16.305
           -0.150000  0.000000  0.000000
  -94.427  -55.466  -55.466  -55.466  -28.294  -28.294  -28.294  -28.287  -28.287   -3.182
   -0.445   -0.445   -0.436   -0.234   -0.231    6.971    7.509    7.509    8.907   12.044
   12.495   12.495   15.462   16.128
           -0.175000  0.000000  0.000000
  -94.427  -55.466  -55.466  -55.466  -28.294  -28.294  -28.294  -28.287  -28.287   -3.173
   -0.443   -0.443   -0.430   -0.235   -0.230    6.829    7.466    7.466    9.054   11.968
   12.563   12.563   15.568   15.971
           -0.200000  0.000000  0.000000
  -94.427  -55.466  -55.466  -55.466  -28.294  -28.294  -28.294  -28.287  -28.287   -3.163
   -0.440   -0.440   -0.423   -0.236   -0.230    6.687    7.418    7.418    9.200   11.888
   12.639   12.639   15.603   15.902
           -0.225000  0.000000  0.000000
  -94.427  -55.466  -55.466  -55.466  -28.294  -28.294  -28.294  -28.287  -28.287   -3.152
   -0.437   -0.437   -0.416   -0.236   -0.229    6.546    7.366    7.366    9.345   11.805
   12.724   12.724   15.501   15.988
           -0.250000  0.000000  0.000000
  -94.427  -55.466  -55.466  -55.466  -28.294  -28.293  -28.293  -28.287  -28.287   -3.140
   -0.433   -0.433   -0.407   -0.237   -0.228    6.405    7.311    7.311    9.487   11.721
   12.815   12.815   15.354   16.137
           -0.275000  0.000000  0.000000
  -94.427  -55.466  -55.466  -55.466  -28.294  -28.293  -28.293  -28.287  -28.287   -3.127
   -0.430   -0.430   -0.398   -0.238   -0.227    6.265    7.252    7.252    9.626   11.637
   12.914   12.914   15.204   16.306
           -0.300000  0.000000  0.000000
  -94.427  -55.466  -55.466  -55.466  -28.294  -28.293  -28.293  -28.287  -28.287   -3.112
   -0.426   -0.426   -0.388   -0.238   -0.227    6.127    7.191    7.191    9.759   11.554
   13.019   13.019   15.061   16.488
           -0.325000  0.000000  0.000000
  -94.427  -55.466  -55.466  -55.466  -28.294  -28.293  -28.293  -28.287  -28.287   -3.098
   -0.422   -0.422   -0.377   -0.238   -0.226    5.990    7.129    7.129    9.887   11.474
   13.130   13.130   14.929   16.677
           -0.350000  0.000000  0.000000
  -94.427  -55.466  -55.466  -55.466  -28.294  -28.293  -28.293  -28.287  -28.287   -3.082
   -0.417   -0.417   -0.365   -0.238   -0.225    5.855    7.065    7.065   10.006   11.396
   13.246   13.246   14.808   16.873
           -0.375000  0.000000  0.000000
  -94.427  -55.466  -55.466  -55.466  -28.294  -28.293  -28.293  -28.287  -28.287   -3.066
   -0.413   -0.413   -0.353   -0.237   -0.224    5.722    7.000    7.000   10.116   11.321
   13.366   13.366   14.702   17.075
           -0.400000  0.000000  0.000000
  -94.427  -55.466  -55.466  -55.466  -28.294  -28.293  -28.293  -28.287  -28.287   -3.049
   -0.408   -0.408   -0.341   -0.234   -0.223    5.590    6.935    6.935   10.215   11.251
   13.491   13.491   14.613   17.281
           -0.425000  0.000000  0.000000
  -94.427  -55.466  -55.466  -55.466  -28.294  -28.293  -28.293  -28.287  -28.287   -3.032
   -0.403   -0.403   -0.330   -0.230   -0.222    5.461    6.870    6.870   10.302   11.187
   13.620   13.620   14.540   17.380
           -0.450000  0.000000  0.000000
  -94.427  -55.466  -55.466  -55.466  -28.294  -28.293  -28.293  -28.287  -28.287   -3.014
   -0.398   -0.398   -0.320   -0.224   -0.221    5.334    6.805    6.805   10.373   11.128
   13.752   13.752   14.487   17.427
           -0.475000  0.000000  0.000000
  -94.427  -55.466  -55.466  -55.466  -28.294  -28.293  -28.293  -28.287  -28.287   -2.997
   -0.392   -0.392   -0.311   -0.220   -0.214    5.209    6.741    6.741   10.428   11.076
   13.888   13.888   14.453   17.475
           -0.500000  0.000000  0.000000
  -94.427  -55.466  -55.466  -55.466  -28.294  -28.293  -28.293  -28.287  -28.287   -2.979
   -0.387   -0.387   -0.306   -0.219   -0.201    5.087    6.678    6.678   10.465   11.031
   14.027   14.027   14.440   17.525
           -0.525000  0.000000  0.000000
  -94.427  -55.466  -55.466  -55.466  -28.294  -28.293  -28.293  -28.287  -28.287   -2.961
   -0.382   -0.382   -0.302   -0.218   -0.185    4.967    6.617    6.617   10.486   10.993
   14.168   14.168   14.448   17.578
           -0.550000  0.000000  0.000000
  -94.427  -55.466  -55.466  -55.466  -28.294  -28.293  -28.293  -28.287  -28.287   -2.944
   -0.376   -0.376   -0.299   -0.217   -0.166    4.850    6.558    6.558   10.492   10.960
   14.311   14.311   14.476   17.632
           -0.575000  0.000000  0.000000
  -94.427  -55.466  -55.466  -55.466  -28.294  -28.293  -28.293  -28.287  -28.287   -2.927
   -0.371   -0.371   -0.298   -0.216   -0.144    4.737    6.500    6.500   10.485   10.930
   14.457   14.457   14.523   17.688
           -0.600000  0.000000  0.000000
  -94.427  -55.466  -55.466  -55.466  -28.294  -28.293  -28.293  -28.287  -28.287   -2.910
   -0.366   -0.366   -0.298   -0.215   -0.121    4.626    6.445    6.445   10.470   10.901
   14.588   14.604   14.604   17.746
           -0.625000  0.000000  0.000000
  -94.427  -55.466  -55.466  -55.466  -28.294  -28.293  -28.293  -28.287  -28.287   -2.894
   -0.361   -0.361   -0.299   -0.214   -0.097    4.520    6.391    6.391   10.450   10.870
   14.669   14.752   14.752   17.805
           -0.650000  0.000000  0.000000
  -94.427  -55.466  -55.466  -55.466  -28.294  -28.293  -28.293  -28.287  -28.287   -2.878
   -0.356   -0.356   -0.300   -0.213   -0.072    4.417    6.341    6.341   10.427   10.837
   14.764   14.902   14.902   17.864
           -0.675000  0.000000  0.000000
  -94.427  -55.466  -55.466  -55.466  -28.294  -28.293  -28.293  -28.287  -28.287   -2.863
   -0.351   -0.351   -0.301   -0.212   -0.046    4.319    6.293    6.293   10.403   10.802
   14.871   15.052   15.052   17.924
           -0.700000  0.000000  0.000000
  -94.427  -55.466  -55.466  -55.466  -28.294  -28.293  -28.293  -28.287  -28.287   -2.849
   -0.346   -0.346   -0.302   -0.211   -0.019    4.226    6.248    6.248   10.380   10.764
   14.987   15.202   15.202   17.985
           -0.725000  0.000000  0.000000
  -94.427  -55.466  -55.466  -55.466  -28.294  -28.293  -28.293  -28.287  -28.287   -2.835
   -0.342   -0.342   -0.303   -0.210    0.007    4.137    6.207    6.207   10.359   10.725
   15.110   15.352   15.352   18.045
           -0.750000  0.000000  0.000000
  -94.427  -55.466  -55.466  -55.466  -28.294  -28.293  -28.293  -28.287  -28.287   -2.823
   -0.338   -0.338   -0.305   -0.210    0.033    4.054    6.168    6.168   10.340   10.685
   15.238   15.500   15.500   18.105
           -0.775000  0.000000  0.000000
  -94.427  -55.466  -55.466  -55.466  -28.294  -28.293  -28.293  -28.287  -28.287   -2.811
   -0.334   -0.334   -0.306   -0.209    0.058    3.977    6.133    6.133   10.325   10.644
   15.368   15.646   15.646   18.162
           -0.800000  0.000000  0.000000
  -94.427  -55.466  -55.466  -55.466  -28.294  -28.293  -28.293  -28.287  -28.287   -2.801
   -0.330   -0.330   -0.307   -0.208    0.082    3.907    6.101    6.101   10.312   10.604
   15.497   15.788   15.788   18.218
           -0.825000  0.000000  0.000000
  -94.427  -55.466  -55.466  -55.466  -28.294  -28.293  -28.293  -28.287  -28.287   -2.792
   -0.327   -0.327   -0.308   -0.208    0.105    3.843    6.073    6.073   10.303   10.566
   15.624   15.925   15.925   18.271
           -0.850000  0.000000  0.000000
  -94.427  -55.466  -55.466  -55.466  -28.294  -28.293  -28.293  -28.287  -28.287   -2.784
   -0.324   -0.324   -0.309   -0.207    0.126    3.787    6.048    6.048   10.297   10.528
   15.745   16.055   16.055   18.320
           -0.875000  0.000000  0.000000
  -94.427  -55.466  -55.466  -55.466  -28.294  -28.293  -28.293  -28.287  -28.287   -2.777
   -0.322   -0.322   -0.310   -0.207    0.144    3.738    6.027    6.027   10.294   10.494
   15.857   16.176   16.176   18.363
           -0.900000  0.000000  0.000000
  -94.427  -55.466  -55.466  -55.466  -28.294  -28.293  -28.293  -28.287  -28.287   -2.771
   -0.320   -0.320   -0.311   -0.207    0.159    3.697    6.010    6.010   10.295   10.462
   15.956   16.283   16.283   18.401
           -0.925000  0.000000  0.000000
  -94.427  -55.466  -55.466  -55.466  -28.294  -28.293  -28.293  -28.287  -28.287   -2.767
   -0.318   -0.318   -0.312   -0.206    0.172    3.665    5.996    5.996   10.299   10.433
   16.038   16.373   16.373   18.432
           -0.950000  0.000000  0.000000
  -94.427  -55.466  -55.466  -55.466  -28.294  -28.293  -28.293  -28.287  -28.287   -2.763
   -0.317   -0.317   -0.312   -0.206    0.181    3.642    5.986    5.986   10.305   10.409
   16.100   16.441   16.441   18.454
           -0.975000  0.000000  0.000000
  -94.427  -55.466  -55.466  -55.466  -28.294  -28.293  -28.293  -28.287  -28.287   -2.762
   -0.316   -0.316   -0.312   -0.206    0.186    3.629    5.981    5.981   10.312   10.392
   16.139   16.485   16.485   18.468
           -1.000000  0.000000  0.000000
  -94.427  -55.466  -55.466  -55.466  -28.294  -28.293  -28.293  -28.287  -28.287   -2.761
   -0.316   -0.316   -0.312   -0.206    0.188    3.624    5.979    5.979   10.315   10.386
   16.152   16.499   16.499   18.473
           -1.000000  0.012500  0.000000
  -94.427  -55.466  -55.466  -55.466  -28.294  -28.293  -28.293  -28.287  -28.287   -2.761
   -0.316   -0.316   -0.312   -0.206    0.188    3.624    5.978    5.978   10.316   10.387
   16.146   16.493   16.503   18.473
           -1.000000  0.025000  0.000000
  -94.427  -55.466  -55.466  -55.466  -28.294  -28.293  -28.293  -28.287  -28.287   -2.761
   -0.317   -0.316   -0.311   -0.206    0.189    3.625    5.976    5.977   10.321   10.393
   16.128   16.475   16.514   18.475
           -1.000000  0.037500  0.000000
  -94.427  -55.466  -55.466  -55.466  -28.294  -28.293  -28.293  -28.287  -28.287   -2.761
   -0.319   -0.317   -0.310   -0.206    0.189    3.625    5.972    5.974   10.329   10.401
   16.100   16.445   16.531   18.478
           -1.000000  0.050000  0.000000
  -94.427  -55.466  -55.466  -55.466  -28.294  -28.293  -28.293  -28.287  -28.287   -2.761
   -0.320   -0.317   -0.308   -0.206    0.190    3.626    5.967    5.971   10.341   10.414
   16.064   16.404   16.551   18.482
           -1.000000  0.062500  0.000000
  -94.427  -55.466  -55.466  -55.466  -28.294  -28.293  -28.293  -28.287  -28.287   -2.761
   -0.321   -0.317   -0.307   -0.206    0.191    3.628    5.961    5.967   10.355   10.429
   16.021   16.353   16.572   18.487
           -1.000000  0.075000  0.000000
  -94.427  -55.466  -55.466  -55.466  -28.294  -28.293  -28.293  -28.287  -28.287   -2.761
   -0.322   -0.318   -0.305   -0.207    0.192    3.630    5.954    5.961   10.373   10.449
   15.974   16.293   16.594   18.492
           -1.000000  0.087500  0.000000
  -94.427  -55.466  -55.466  -55.466  -28.294  -28.293  -28.293  -28.287  -28.287   -2.761
   -0.323   -0.319   -0.304   -0.207    0.193    3.632    5.945    5.955   10.393   10.471
   15.923   16.224   16.617   18.498
           -1.000000  0.100000  0.000000
  -94.427  -55.466  -55.466  -55.466  -28.294  -28.293  -28.293  -28.287  -28.287   -2.761
   -0.324   -0.320   -0.302   -0.207    0.195    3.634    5.936    5.949   10.417   10.497
   15.868   16.149   16.639   18.504
           -1.000000  0.112500  0.000000
  -94.427  -55.466  -55.466  -55.466  -28.294  -28.293  -28.293  -28.287  -28.287   -2.761
   -0.325   -0.320   -0.301   -0.208    0.196    3.636    5.925    5.941   10.443   10.526
   15.809   16.067   16.660   18.511
           -1.000000  0.125000  0.000000
  -94.427  -55.466  -55.466  -55.466  -28.294  -28.293  -28.293  -28.287  -28.287   -2.761
   -0.326   -0.321   -0.299   -0.208    0.198    3.639    5.913    5.933   10.472   10.558
   15.749   15.980   16.680   18.517
           -1.000000  0.137500  0.000000
  -94.427  -55.466  -55.466  -55.466  -28.294  -28.293  -28.293  -28.287  -28.287   -2.761
   -0.328   -0.322   -0.297   -0.208    0.200    3.642    5.900    5.924   10.504   10.594
   15.685   15.888   16.700   18.524
           -1.000000  0.150000  0.000000
  -94.427  -55.466  -55.466  -55.466  -28.294  -28.293  -28.293  -28.287  -28.287   -2.761
   -0.328   -0.324   -0.296   -0.209    0.202    3.646    5.887    5.915   10.539   10.632
   15.619   15.792   16.719   18.531
           -1.000000  0.162500  0.000000
  -94.427  -55.466  -55.466  -55.466  -28.294  -28.293  -28.293  -28.287  -28.287   -2.761
   -0.329   -0.325   -0.294   -0.209    0.204    3.649    5.872    5.905   10.575   10.674
   15.552   15.694   16.737   18.538
           -1.000000  0.175000  0.000000
  -94.427  -55.466  -55.466  -55.466  -28.294  -28.293  -28.293  -28.287  -28.287   -2.761
   -0.330   -0.326   -0.292   -0.210    0.206    3.653    5.857    5.895   10.614   10.718
   15.482   15.592   16.754   18.544
           -1.000000  0.187500  0.000000
  -94.427  -55.466  -55.466  -55.466  -28.294  -28.293  -28.293  -28.287  -28.287   -2.761
   -0.331   -0.327   -0.291   -0.211    0.209    3.657    5.842    5.884   10.656   10.765
   15.411   15.488   16.770   18.551
           -1.000000  0.200000  0.000000
  -94.427  -55.466  -55.466  -55.466  -28.294  -28.293  -28.293  -28.287  -28.287   -2.761
   -0.332   -0.329   -0.289   -0.211    0.211    3.661    5.826    5.873   10.699   10.815
   15.339   15.383   16.786   18.557
           -1.000000  0.212500  0.000000
  -94.427  -55.466  -55.466  -55.466  -28.294  -28.293  -28.293  -28.287  -28.287   -2.761
   -0.333   -0.330   -0.287   -0.212    0.214    3.665    5.810    5.862   10.744   10.868
   15.266   15.276   16.800   18.563
           -1.000000  0.225000  0.000000
  -94.427  -55.466  -55.466  -55.466  -28.294  -28.293  -28.293  -28.287  -28.287   -2.761
   -0.334   -0.331   -0.285   -0.213    0.216    3.670    5.794    5.851   10.791   10.923
   15.168   15.192   16.814   18.569
           -1.000000  0.237500  0.000000
  -94.427  -55.466  -55.466  -55.466  -28.294  -28.293  -28.293  -28.287  -28.287   -2.762
   -0.334   -0.332   -0.284   -0.213    0.219    3.674    5.777    5.840   10.839   10.981
   15.059   15.117   16.828   18.575
           -1.000000  0.250000  0.000000
  -94.427  -55.466  -55.466  -55.466  -28.294  -28.293  -28.293  -28.287  -28.287   -2.762
   -0.335   -0.334   -0.282   -0.214    0.221    3.679    5.760    5.829   10.888   11.041
   14.950   15.042   16.840   18.581
           -1.000000  0.262500  0.000000
  -94.427  -55.466  -55.466  -55.466  -28.294  -28.293  -28.293  -28.287  -28.287   -2.762
   -0.336   -0.335   -0.280   -0.215    0.224    3.684    5.744    5.818   10.939   11.103
   14.840   14.967   16.852   18.586
           -1.000000  0.275000  0.000000
  -94.427  -55.466  -55.466  -55.466  -28.294  -28.293  -28.293  -28.287  -28.287   -2.762
   -0.336   -0.336   -0.278   -0.216    0.226    3.688    5.728    5.807   10.990   11.167
   14.730   14.892   16.864   18.592
           -1.000000  0.287500  0.000000
  -94.427  -55.466  -55.466  -55.466  -28.294  -28.293  -28.293  -28.287  -28.287   -2.762
   -0.338   -0.337   -0.277   -0.217    0.228    3.693    5.712    5.796   11.042   11.233
   14.621   14.817   16.875   18.597
           -1.000000  0.300000  0.000000
  -94.427  -55.466  -55.466  -55.466  -28.294  -28.293  -28.293  -28.287  -28.287   -2.762
   -0.339   -0.337   -0.275   -0.218    0.231    3.697    5.696    5.786   11.095   11.302
   14.511   14.743   16.885   18.602
           -1.000000  0.312500  0.000000
  -94.427  -55.466  -55.466  -55.466  -28.294  -28.293  -28.293  -28.287  -28.287   -2.762
   -0.340   -0.338   -0.273   -0.219    0.233    3.702    5.681    5.775   11.148   11.372
   14.402   14.670   16.895   18.607
           -1.000000  0.325000  0.000000
  -94.427  -55.466  -55.466  -55.466  -28.294  -28.293  -28.293  -28.287  -28.287   -2.762
   -0.341   -0.339   -0.272   -0.220    0.235    3.706    5.666    5.766   11.200   11.444
   14.294   14.598   16.904   18.611
           -1.000000  0.337500  0.000000
  -94.427  -55.466  -55.466  -55.466  -28.294  -28.293  -28.293  -28.287  -28.287   -2.762
   -0.342   -0.339   -0.270   -0.221    0.238    3.711    5.652    5.756   11.252   11.517
   14.187   14.528   16.912   18.615
           -1.000000  0.350000  0.000000
  -94.427  -55.466  -55.466  -55.466  -28.294  -28.293  -28.293  -28.287  -28.287   -2.762
   -0.343   -0.339   -0.268   -0.222    0.240    3.715    5.639    5.748   11.303   11.592
   14.081   14.460   16.920   18.619
           -1.000000  0.362500  0.000000
  -94.427  -55.466  -55.466  -55.466  -28.294  -28.293  -28.293  -28.287  -28.287   -2.762
   -0.344   -0.340   -0.267   -0.223    0.242    3.719    5.626    5.740   11.353   11.668
   13.976   14.395   16.927   18.623
           -1.000000  0.375000  0.000000
  -94.427  -55.466  -55.466  -55.466  -28.294  -28.293  -28.293  -28.287  -28.287   -2.762
   -0.345   -0.340   -0.265   -0.224    0.243    3.722    5.614    5.732   11.401   11.744
   13.873   14.333   16.934   18.626
           -1.000000  0.387500  0.000000
  -94.427  -55.466  -55.466  -55.466  -28.294  -28.293  -28.293  -28.287  -28.287   -2.762
   -0.346   -0.340   -0.264   -0.224    0.245    3.726    5.603    5.725   11.447   11.821
   13.772   14.274   16.940   18.630
           -1.000000  0.400000  0.000000
  -94.427  -55.466  -55.466  -55.466  -28.294  -28.293  -28.293  -28.287  -28.287   -2.762
   -0.347   -0.341   -0.262   -0.225    0.246    3.729    5.593    5.718   11.491   11.898
   13.673   14.219   16.946   18.632
           -1.000000  0.412500  0.000000
  -94.427  -55.466  -55.466  -55.466  -28.294  -28.293  -28.293  -28.287  -28.287   -2.762
   -0.348   -0.341   -0.261   -0.226    0.248    3.732    5.584    5.713   11.531   11.975
   13.577   14.168   16.951   18.635
           -1.000000  0.425000  0.000000
  -94.427  -55.466  -55.466  -55.466  -28.294  -28.293  -28.293  -28.287  -28.287   -2.762
   -0.348   -0.341   -0.260   -0.227    0.249    3.734    5.577    5.708   11.567   12.050
   13.486   14.123   16.955   18.637
           -1.000000  0.437500  0.000000
  -94.427  -55.466  -55.466  -55.466  -28.294  -28.293  -28.293  -28.287  -28.287   -2.762
   -0.349   -0.341   -0.259   -0.228    0.250    3.737    5.570    5.703   11.600   12.122
   13.399   14.083   16.959   18.639
           -1.000000  0.450000  0.000000
  -94.427  -55.466  -55.466  -55.466  -28.294  -28.293  -28.293  -28.287  -28.287   -2.762
   -0.349   -0.342   -0.258   -0.229    0.251    3.739    5.564    5.700   11.627   12.190
   13.320   14.050   16.962   18.641
           -1.000000  0.462500  0.000000
  -94.427  -55.466  -55.466  -55.466  -28.294  -28.293  -28.293  -28.287  -28.287   -2.762
   -0.349   -0.342   -0.257   -0.229    0.251    3.740    5.560    5.697   11.649   12.250
   13.251   14.023   16.964   18.642
           -1.000000  0.475000  0.000000
  -94.427  -55.466  -55.466  -55.466  -28.294  -28.293  -28.293  -28.287  -28.287   -2.762
   -0.350   -0.342   -0.257   -0.230    0.252    3.741    5.557    5.695   11.665   12.299
   13.196   14.004   16.966   18.643
           -1.000000  0.487500  0.000000
  -94.427  -55.466  -55.466  -55.466  -28.294  -28.293  -28.293  -28.287  -28.287   -2.762
   -0.350   -0.342   -0.256   -0.230    0.252    3.742    5.555    5.694   11.674   12.331
   13.160   13.992   16.967   18.643
           -1.000000  0.500000  0.000000
  -94.427  -55.466  -55.466  -55.466  -28.294  -28.293  -28.293  -28.287  -28.287   -2.762
   -0.350   -0.342   -0.256   -0.230    0.252    3.742    5.555    5.694   11.678   12.343
   13.147   13.988   16.967   18.644
           -0.987500  0.500000  0.012500
  -94.427  -55.466  -55.466  -55.466  -28.294  -28.293  -28.293  -28.287  -28.287   -2.762
   -0.350   -0.342   -0.256   -0.230    0.252    3.742    5.548    5.703   11.674   12.345
   13.144   13.996   16.952   18.611
           -0.975000  0.500000  0.025000
  -94.427  -55.466  -55.466  -55.466  -28.294  -28.293  -28.293  -28.287  -28.287   -2.763
   -0.350   -0.342   -0.256   -0.230    0.251    3.743    5.531    5.727   11.662   12.351
   13.137   14.020   16.909   18.543
           -0.962500  0.500000  0.037500
  -94.427  -55.466  -55.466  -55.466  -28.294  -28.293  -28.293  -28.287  -28.287   -2.764
   -0.351   -0.342   -0.256   -0.230    0.249    3.745    5.511    5.760   11.642   12.359
   13.127   14.059   16.839   18.469
           -0.950000  0.500000  0.050000
  -94.427  -55.466  -55.466  -55.466  -28.294  -28.293  -28.293  -28.287  -28.287   -2.765
   -0.352   -0.342   -0.256   -0.230    0.247    3.747    5.492    5.797   11.616   12.368
   13.117   14.110   16.747   18.400
           -0.937500  0.500000  0.062500
  -94.427  -55.466  -55.466  -55.466  -28.294  -28.293  -28.293  -28.287  -28.287   -2.766
   -0.352   -0.343   -0.256   -0.230    0.243    3.750    5.474    5.838   11.585   12.376
   13.110   14.172   16.636   18.339
           -0.925000  0.500000  0.075000
  -94.427  -55.466  -55.466  -55.466  -28.294  -28.293  -28.293  -28.287  -28.287   -2.768
   -0.354   -0.343   -0.255   -0.230    0.240    3.753    5.460    5.881   11.549   12.381
   13.108   14.242   16.510   18.285
           -0.912500  0.500000  0.087500
  -94.427  -55.466  -55.466  -55.466  -28.294  -28.293  -28.293  -28.287  -28.287   -2.770
   -0.355   -0.344   -0.255   -0.230    0.235    3.756    5.450    5.925   11.509   12.383
   13.113   14.319   16.374   18.237
           -0.900000  0.500000  0.100000
  -94.427  -55.466  -55.466  -55.466  -28.294  -28.293  -28.293  -28.287  -28.287   -2.772
   -0.356   -0.345   -0.255   -0.229    0.231    3.758    5.444    5.970   11.466   12.380
   13.126   14.402   16.230   18.193
           -0.887500  0.500000  0.112500
  -94.427  -55.466  -55.466  -55.466  -28.294  -28.293  -28.293  -28.287  -28.287   -2.774
   -0.357   -0.346   -0.254   -0.229    0.225    3.761    5.443    6.016   11.420   12.374
   13.147   14.490   16.082   18.153
           -0.875000  0.500000  0.125000
  -94.427  -55.466  -55.466  -55.466  -28.294  -28.293  -28.293  -28.287  -28.287   -2.777
   -0.359   -0.347   -0.254   -0.229    0.219    3.762    5.447    6.063   11.371   12.364
   13.176   14.582   15.932   18.115
           -0.862500  0.500000  0.137500
  -94.427  -55.466  -55.466  -55.466  -28.294  -28.293  -28.293  -28.287  -28.287   -2.780
   -0.361   -0.349   -0.253   -0.229    0.213    3.762    5.456    6.110   11.319   12.352
   13.210   14.678   15.781   18.078
           -0.850000  0.500000  0.150000
  -94.427  -55.466  -55.466  -55.466  -28.294  -28.293  -28.293  -28.287  -28.287   -2.783
   -0.362   -0.350   -0.252   -0.229    0.207    3.762    5.470    6.158   11.265   12.339
   13.250   14.777   15.632   18.042
           -0.837500  0.500000  0.162500
  -94.427  -55.466  -55.466  -55.466  -28.294  -28.293  -28.293  -28.287  -28.287   -2.787
   -0.364   -0.352   -0.252   -0.228    0.200    3.760    5.491    6.205   11.208   12.327
   13.292   14.879   15.486   18.007
           -0.825000  0.500000  0.175000
  -94.427  -55.466  -55.466  -55.466  -28.294  -28.293  -28.293  -28.287  -28.287   -2.790
   -0.366   -0.354   -0.251   -0.228    0.193    3.757    5.516    6.252   11.149   12.316
   13.337   14.983   15.344   17.971
           -0.812500  0.500000  0.187500
  -94.427  -55.466  -55.466  -55.466  -28.294  -28.293  -28.293  -28.287  -28.287   -2.794
   -0.368   -0.356   -0.250   -0.228    0.186    3.752    5.548    6.298   11.087   12.307
   13.382   15.089   15.209   17.936
           -0.800000  0.500000  0.200000
  -94.427  -55.466  -55.466  -55.466  -28.294  -28.293  -28.293  -28.287  -28.287   -2.798
   -0.369   -0.358   -0.249   -0.228    0.179    3.747    5.584    6.344   11.022   12.300
   13.425   15.079   15.199   17.899
           -0.787500  0.500000  0.212500
  -94.427  -55.466  -55.466  -55.466  -28.294  -28.293  -28.293  -28.287  -28.287   -2.801
   -0.371   -0.360   -0.248   -0.227    0.172    3.740    5.626    6.388   10.955   12.297
   13.464   14.961   15.309   17.859
           -0.775000  0.500000  0.225000
  -94.427  -55.466  -55.466  -55.466  -28.294  -28.293  -28.293  -28.287  -28.287   -2.805
   -0.373   -0.362   -0.246   -0.227    0.165    3.732    5.673    6.432   10.885   12.297
   13.498   14.854   15.419   17.816
           -0.762500  0.500000  0.237500
  -94.427  -55.466  -55.466  -55.466  -28.294  -28.293  -28.293  -28.287  -28.287   -2.809
   -0.375   -0.365   -0.245   -0.227    0.157    3.723    5.725    6.475   10.813   12.302
   13.524   14.761   15.531   17.766
           -0.750000  0.500000  0.250000
  -94.427  -55.466  -55.466  -55.466  -28.294  -28.293  -28.293  -28.287  -28.287   -2.813
   -0.377   -0.367   -0.244   -0.227    0.150    3.713    5.780    6.517   10.738   12.310
   13.538   14.684   15.642   17.705
           -0.737500  0.500000  0.262500
  -94.427  -55.466  -55.466  -55.466  -28.294  -28.293  -28.293  -28.287  -28.287   -2.817
   -0.379   -0.369   -0.243   -0.227    0.143    3.703    5.840    6.557   10.661   12.322
   13.539   14.626   15.752   17.632
           -0.725000  0.500000  0.275000
  -94.427  -55.466  -55.466  -55.466  -28.294  -28.293  -28.293  -28.287  -28.287   -2.822
   -0.380   -0.372   -0.241   -0.226    0.137    3.692    5.904    6.595   10.582   12.338
   13.525   14.588   15.861   17.547
           -0.712500  0.500000  0.287500
  -94.427  -55.466  -55.466  -55.466  -28.294  -28.293  -28.293  -28.287  -28.287   -2.825
   -0.382   -0.374   -0.240   -0.226    0.130    3.681    5.971    6.632   10.501   12.358
   13.497   14.569   15.966   17.456
           -0.700000  0.500000  0.300000
  -94.427  -55.466  -55.466  -55.466  -28.294  -28.293  -28.293  -28.287  -28.287   -2.829
   -0.384   -0.377   -0.239   -0.226    0.124    3.669    6.040    6.668   10.419   12.382
   13.458   14.566   16.064   17.365
           -0.687500  0.500000  0.312500
  -94.427  -55.466  -55.466  -55.466  -28.294  -28.293  -28.293  -28.287  -28.287   -2.833
   -0.385   -0.379   -0.237   -0.226    0.118    3.658    6.112    6.701   10.335   12.409
   13.409   14.575   16.153   17.283
           -0.675000  0.500000  0.325000
  -94.427  -55.466  -55.466  -55.466  -28.294  -28.293  -28.293  -28.287  -28.287   -2.837
   -0.387   -0.381   -0.236   -0.226    0.112    3.647    6.186    6.733   10.250   12.439
   13.355   14.592   16.227   17.220
           -0.662500  0.500000  0.337500
  -94.427  -55.466  -55.466  -55.466  -28.294  -28.293  -28.293  -28.287  -28.287   -2.840
   -0.388   -0.383   -0.234   -0.225    0.106    3.636    6.260    6.762   10.164   12.473
   13.299   14.614   16.279   17.183
           -0.650000  0.500000  0.350000
  -94.427  -55.466  -55.466  -55.466  -28.294  -28.293  -28.293  -28.287  -28.287   -2.844
   -0.390   -0.385   -0.233   -0.225    0.101    3.625    6.336    6.790   10.078   12.508
   13.242   14.637   16.305   17.180
           -0.637500  0.500000  0.362500
  -94.427  -55.466  -55.466  -55.466  -28.294  -28.293  -28.293  -28.287  -28.287   -2.847
   -0.391   -0.387   -0.232   -0.225    0.096    3.615    6.411    6.815    9.994   12.546
   13.187   14.660   16.305   17.210
           -0.625000  0.500000  0.375000
  -94.427  -55.466  -55.466  -55.466  -28.294  -28.293  -28.293  -28.287  -28.287   -2.850
   -0.392   -0.389   -0.231   -0.225    0.092    3.605    6.486    6.839    9.910   12.586
   13.135   14.678   16.286   17.268
           -0.612500  0.500000  0.387500
  -94.427  -55.466  -55.466  -55.466  -28.294  -28.293  -28.293  -28.287  -28.287   -2.853
   -0.393   -0.391   -0.230   -0.225    0.088    3.596    6.558    6.860    9.829   12.626
   13.086   14.692   16.256   17.345
           -0.600000  0.500000  0.400000
  -94.427  -55.466  -55.466  -55.466  -28.294  -28.293  -28.293  -28.287  -28.287   -2.855
   -0.394   -0.392   -0.229   -0.225    0.084    3.588    6.628    6.879    9.751   12.666
   13.041   14.701   16.224   17.433
           -0.587500  0.500000  0.412500
  -94.427  -55.466  -55.466  -55.466  -28.294  -28.293  -28.293  -28.287  -28.287   -2.858
   -0.395   -0.394   -0.228   -0.225    0.081    3.581    6.695    6.896    9.678   12.706
   13.001   14.704   16.193   17.525
           -0.575000  0.500000  0.425000
  -94.427  -55.466  -55.466  -55.466  -28.294  -28.293  -28.293  -28.287  -28.287   -2.860
   -0.396   -0.395   -0.227   -0.225    0.078    3.575    6.756    6.911    9.610   12.743
   12.966   14.701   16.166   17.615
           -0.562500  0.500000  0.437500
  -94.427  -55.466  -55.466  -55.466  -28.294  -28.293  -28.293  -28.287  -28.287   -2.861
   -0.397   -0.396   -0.226   -0.224    0.076    3.569    6.812    6.923    9.550   12.778
   12.936   14.694   16.145   17.699
           -0.550000  0.500000  0.450000
  -94.427  -55.466  -55.466  -55.466  -28.294  -28.293  -28.293  -28.287  -28.287   -2.863
   -0.397   -0.397   -0.225   -0.224    0.074    3.564    6.860    6.933    9.497   12.808
   12.912   14.685   16.130   17.771
           -0.537500  0.500000  0.462500
  -94.427  -55.466  -55.466  -55.466  -28.294  -28.293  -28.293  -28.287  -28.287   -2.864
   -0.398   -0.398   -0.225   -0.224    0.072    3.561    6.899    6.941    9.455   12.833
   12.893   14.675   16.119   17.827
           -0.525000  0.500000  0.475000
  -94.427  -55.466  -55.466  -55.466  -28.294  -28.293  -28.293  -28.287  -28.287   -2.865
   -0.398   -0.398   -0.225   -0.224    0.071    3.558    6.927    6.947    9.423   12.852
   12.879   14.666   16.112   17.865
           -0.512500  0.500000  0.487500
  -94.427  -55.466  -55.466  -55.466  -28.294  -28.293  -28.293  -28.287  -28.287   -2.865
   -0.398   -0.398   -0.224   -0.224    0.070    3.557    6.945    6.950    9.404   12.864
   12.871   14.661   16.108   17.885
           -0.500000  0.500000  0.500000
  -94.427  -55.466  -55.466  -55.466  -28.294  -28.293  -28.293  -28.287  -28.287   -2.865
   -0.398   -0.398   -0.224   -0.224    0.070    3.556    6.951    6.951    9.398   12.868
   12.868   14.658   16.107   17.891
