 &plot nbnd=  12, nks=   402 /
            0.000000  0.000000  0.000000
   -5.814    5.995    5.995    5.995    8.541    8.541    8.541    9.077   13.709   13.709
   13.866   17.172
           -0.025000  0.000000  0.000000
   -5.812    5.975    5.983    5.983    8.535    8.556    8.556    9.097   13.687   13.712
   13.878   17.177
           -0.050000  0.000000  0.000000
   -5.804    5.917    5.949    5.949    8.515    8.600    8.600    9.154   13.622   13.721
   13.914   17.191
           -0.075000  0.000000  0.000000
   -5.790    5.824    5.895    5.895    8.482    8.671    8.671    9.243   13.519   13.736
   13.973   17.214
           -0.100000  0.000000  0.000000
   -5.772    5.703    5.824    5.824    8.438    8.765    8.765    9.359   13.387   13.757
   14.054   17.247
           -0.125000  0.000000  0.000000
   -5.747    5.559    5.739    5.739    8.384    8.880    8.880    9.494   13.234   13.784
   14.157   17.289
           -0.150000  0.000000  0.000000
   -5.718    5.396    5.644    5.644    8.320    9.011    9.011    9.641   13.068   13.817
   14.279   17.340
           -0.175000  0.000000  0.000000
   -5.683    5.220    5.541    5.541    8.249    9.157    9.157    9.793   12.899   13.855
   14.419   17.401
           -0.200000  0.000000  0.000000
   -5.643    5.033    5.432    5.432    8.171    9.314    9.314    9.939   12.737   13.900
   14.575   17.471
           -0.225000  0.000000  0.000000
   -5.598    4.837    5.321    5.321    8.089    9.481    9.481   10.071   12.593   13.951
   14.747   17.550
           -0.250000  0.000000  0.000000
   -5.547    4.635    5.207    5.207    8.003    9.657    9.657   10.176   12.481   14.007
   14.933   17.637
           -0.275000  0.000000  0.000000
   -5.491    4.428    5.093    5.093    7.914    9.839    9.839   10.240   12.415   14.070
   15.131   17.733
           -0.300000  0.000000  0.000000
   -5.430    4.217    4.979    4.979    7.824   10.027   10.027   10.252   12.407   14.138
   15.340   17.838
           -0.325000  0.000000  0.000000
   -5.363    4.004    4.866    4.866    7.733   10.209   10.220   10.220   12.460   14.213
   15.559   17.951
           -0.350000  0.000000  0.000000
   -5.292    3.788    4.755    4.755    7.643   10.118   10.418   10.418   12.569   14.293
   15.787   18.072
           -0.375000  0.000000  0.000000
   -5.215    3.570    4.646    4.646    7.553    9.990   10.620   10.620   12.723   14.379
   16.023   18.199
           -0.400000  0.000000  0.000000
   -5.133    3.351    4.539    4.539    7.466    9.837   10.825   10.825   12.909   14.472
   16.266   18.333
           -0.425000  0.000000  0.000000
   -5.046    3.131    4.436    4.436    7.380    9.668   11.033   11.033   13.118   14.570
   16.514   18.471
           -0.450000  0.000000  0.000000
   -4.954    2.910    4.335    4.335    7.298    9.491   11.244   11.244   13.344   14.674
   16.766   18.614
           -0.475000  0.000000  0.000000
   -4.856    2.689    4.238    4.238    7.218    9.309   11.457   11.457   13.583   14.784
   17.022   18.757
           -0.500000  0.000000  0.000000
   -4.754    2.468    4.145    4.145    7.143    9.127   11.672   11.672   13.830   14.899
   17.279   18.899
           -0.525000  0.000000  0.000000
   -4.647    2.246    4.055    4.055    7.071    8.947   11.890   11.890   14.083   15.021
   17.537   19.035
           -0.550000  0.000000  0.000000
   -4.535    2.025    3.970    3.970    7.003    8.770   12.109   12.109   14.341   15.149
   17.793   19.159
           -0.575000  0.000000  0.000000
   -4.418    1.803    3.889    3.889    6.940    8.597   12.330   12.330   14.601   15.282
   18.046   19.264
           -0.600000  0.000000  0.000000
   -4.296    1.583    3.811    3.811    6.882    8.430   12.552   12.552   14.864   15.421
   18.292   19.340
           -0.625000  0.000000  0.000000
   -4.170    1.363    3.738    3.738    6.828    8.270   12.776   12.776   15.127   15.567
   18.529   19.375
           -0.650000  0.000000  0.000000
   -4.038    1.143    3.670    3.670    6.780    8.116   13.002   13.002   15.391   15.718
   18.753   19.363
           -0.675000  0.000000  0.000000
   -3.903    0.925    3.606    3.606    6.738    7.969   13.228   13.228   15.654   15.874
   18.960   19.300
           -0.700000  0.000000  0.000000
   -3.762    0.707    3.546    3.546    6.701    7.829   13.456   13.456   15.916   16.037
   19.145   19.188
           -0.725000  0.000000  0.000000
   -3.617    0.491    3.491    3.491    6.670    7.696   13.685   13.685   16.176   16.205
   19.038   19.038
           -0.750000  0.000000  0.000000
   -3.468    0.277    3.441    3.441    6.644    7.572   13.915   13.915   16.380   16.434
   18.857   18.857
           -0.775000  0.000000  0.000000
   -3.315    0.063    3.395    3.395    6.625    7.455   14.145   14.145   16.560   16.690
   18.654   18.654
           -0.800000  0.000000  0.000000
   -3.157   -0.148    3.354    3.354    6.612    7.345   14.376   14.376   16.745   16.941
   18.438   18.438
           -0.825000  0.000000  0.000000
   -2.995   -0.357    3.318    3.318    6.605    7.244   14.607   14.607   16.937   17.189
   18.212   18.212
           -0.850000  0.000000  0.000000
   -2.829   -0.564    3.287    3.287    6.605    7.150   14.836   14.836   17.134   17.433
   17.982   17.982
           -0.875000  0.000000  0.000000
   -2.659   -0.769    3.260    3.260    6.612    7.064   15.063   15.063   17.337   17.671
   17.752   17.752
           -0.900000  0.000000  0.000000
   -2.485   -0.972    3.238    3.238    6.625    6.986   15.285   15.285   17.525   17.525
   17.545   17.904
           -0.925000  0.000000  0.000000
   -2.308   -1.172    3.221    3.221    6.645    6.915   15.497   15.497   17.308   17.308
   17.760   18.130
           -0.950000  0.000000  0.000000
   -2.127   -1.369    3.209    3.209    6.672    6.852   15.687   15.687   17.114   17.114
   17.979   18.347
           -0.975000  0.000000  0.000000
   -1.942   -1.563    3.202    3.202    6.706    6.796   15.832   15.832   16.966   16.966
   18.205   18.556
           -1.000000  0.000000  0.000000
   -1.754   -1.754    3.200    3.200    6.747    6.747   15.890   15.890   16.908   16.908
   18.436   18.436
           -1.000000  0.012500  0.000000
   -1.754   -1.754    3.198    3.198    6.751    6.751   15.884   15.884   16.897   16.897
   18.444   18.444
           -1.000000  0.025000  0.000000
   -1.753   -1.753    3.192    3.192    6.762    6.762   15.867   15.867   16.868   16.868
   18.464   18.464
           -1.000000  0.037500  0.000000
   -1.752   -1.752    3.182    3.182    6.780    6.780   15.837   15.837   16.825   16.825
   18.490   18.490
           -1.000000  0.050000  0.000000
   -1.751   -1.751    3.168    3.168    6.806    6.806   15.794   15.794   16.774   16.774
   18.515   18.515
           -1.000000  0.062500  0.000000
   -1.749   -1.749    3.151    3.151    6.839    6.839   15.736   15.736   16.721   16.721
   18.536   18.536
           -1.000000  0.075000  0.000000
   -1.746   -1.746    3.130    3.130    6.878    6.878   15.663   15.663   16.670   16.670
   18.552   18.552
           -1.000000  0.087500  0.000000
   -1.744   -1.744    3.106    3.106    6.924    6.924   15.575   15.575   16.624   16.624
   18.565   18.565
           -1.000000  0.100000  0.000000
   -1.741   -1.741    3.080    3.080    6.976    6.976   15.473   15.473   16.585   16.585
   18.576   18.576
           -1.000000  0.112500  0.000000
   -1.737   -1.737    3.051    3.051    7.034    7.034   15.359   15.359   16.552   16.552
   18.586   18.586
           -1.000000  0.125000  0.000000
   -1.733   -1.733    3.020    3.020    7.098    7.098   15.234   15.234   16.526   16.526
   18.596   18.596
           -1.000000  0.137500  0.000000
   -1.729   -1.729    2.987    2.987    7.166    7.166   15.101   15.101   16.505   16.505
   18.605   18.605
           -1.000000  0.150000  0.000000
   -1.725   -1.725    2.953    2.953    7.240    7.240   14.962   14.962   16.488   16.488
   18.614   18.614
           -1.000000  0.162500  0.000000
   -1.720   -1.720    2.917    2.917    7.319    7.319   14.817   14.817   16.474   16.474
   18.624   18.624
           -1.000000  0.175000  0.000000
   -1.715   -1.715    2.881    2.881    7.402    7.402   14.669   14.669   16.464   16.464
   18.633   18.633
           -1.000000  0.187500  0.000000
   -1.710   -1.710    2.843    2.843    7.489    7.489   14.517   14.517   16.455   16.455
   18.643   18.643
           -1.000000  0.200000  0.000000
   -1.704   -1.704    2.806    2.806    7.580    7.580   14.362   14.362   16.448   16.448
   18.653   18.653
           -1.000000  0.212500  0.000000
   -1.698   -1.698    2.768    2.768    7.675    7.675   14.206   14.206   16.442   16.442
   18.663   18.663
           -1.000000  0.225000  0.000000
   -1.693   -1.693    2.731    2.731    7.773    7.773   14.049   14.049   16.438   16.438
   18.674   18.674
           -1.000000  0.237500  0.000000
   -1.687   -1.687    2.693    2.693    7.875    7.875   13.890   13.890   16.435   16.435
   18.684   18.684
           -1.000000  0.250000  0.000000
   -1.681   -1.681    2.656    2.656    7.980    7.980   13.731   13.731   16.432   16.432
   18.695   18.695
           -1.000000  0.262500  0.000000
   -1.675   -1.675    2.620    2.620    8.087    8.087   13.571   13.571   16.430   16.430
   18.706   18.706
           -1.000000  0.275000  0.000000
   -1.669   -1.669    2.585    2.585    8.198    8.198   13.412   13.412   16.428   16.428
   18.716   18.716
           -1.000000  0.287500  0.000000
   -1.663   -1.663    2.551    2.551    8.310    8.310   13.252   13.252   16.427   16.427
   18.727   18.727
           -1.000000  0.300000  0.000000
   -1.657   -1.657    2.518    2.518    8.426    8.426   13.092   13.092   16.426   16.426
   18.738   18.738
           -1.000000  0.312500  0.000000
   -1.651   -1.651    2.486    2.486    8.543    8.543   12.933   12.933   16.426   16.426
   18.748   18.748
           -1.000000  0.325000  0.000000
   -1.645   -1.645    2.456    2.456    8.663    8.663   12.775   12.775   16.425   16.425
   18.759   18.759
           -1.000000  0.337500  0.000000
   -1.640   -1.640    2.427    2.427    8.785    8.785   12.617   12.617   16.425   16.425
   18.769   18.769
           -1.000000  0.350000  0.000000
   -1.634   -1.634    2.400    2.400    8.909    8.909   12.460   12.460   16.425   16.425
   18.778   18.778
           -1.000000  0.362500  0.000000
   -1.629   -1.629    2.375    2.375    9.034    9.034   12.304   12.304   16.425   16.425
   18.788   18.788
           -1.000000  0.375000  0.000000
   -1.625   -1.625    2.351    2.351    9.161    9.161   12.149   12.149   16.425   16.425
   18.796   18.796
           -1.000000  0.387500  0.000000
   -1.620   -1.620    2.330    2.330    9.289    9.289   11.996   11.996   16.426   16.426
   18.805   18.805
           -1.000000  0.400000  0.000000
   -1.616   -1.616    2.311    2.311    9.418    9.418   11.844   11.844   16.426   16.426
   18.812   18.812
           -1.000000  0.412500  0.000000
   -1.613   -1.613    2.293    2.293    9.548    9.548   11.695   11.695   16.426   16.426
   18.819   18.819
           -1.000000  0.425000  0.000000
   -1.610   -1.610    2.278    2.278    9.677    9.677   11.548   11.548   16.426   16.426
   18.825   18.825
           -1.000000  0.437500  0.000000
   -1.607   -1.607    2.265    2.265    9.806    9.806   11.405   11.405   16.426   16.426
   18.830   18.830
           -1.000000  0.450000  0.000000
   -1.605   -1.605    2.255    2.255    9.931    9.931   11.268   11.268   16.427   16.427
   18.834   18.834
           -1.000000  0.462500  0.000000
   -1.603   -1.603    2.247    2.247   10.051   10.051   11.139   11.139   16.427   16.427
   18.838   18.838
           -1.000000  0.475000  0.000000
   -1.601   -1.601    2.241    2.241   10.157   10.157   11.026   11.026   16.427   16.427
   18.840   18.840
           -1.000000  0.487500  0.000000
   -1.601   -1.601    2.237    2.237   10.238   10.238   10.942   10.942   16.427   16.427
   18.842   18.842
           -1.000000  0.500000  0.000000
   -1.600   -1.600    2.236    2.236   10.269   10.269   10.909   10.909   16.427   16.427
   18.842   18.842
           -0.993750  0.506250  0.000000
   -1.628   -1.573    2.215    2.258   10.232   10.287   10.902   10.936   16.374   16.477
   18.789   18.897
           -0.987500  0.512500  0.000000
   -1.656   -1.546    2.195    2.282   10.168   10.301   10.924   10.969   16.320   16.524
   18.739   18.954
           -0.981250  0.518750  0.000000
   -1.682   -1.521    2.175    2.308   10.084   10.309   10.966   11.008   16.264   16.566
   18.692   19.012
           -0.975000  0.525000  0.000000
   -1.708   -1.496    2.155    2.335    9.989   10.314   11.023   11.052   16.207   16.602
   18.650   19.071
           -0.968750  0.531250  0.000000
   -1.733   -1.473    2.136    2.365    9.887   10.315   11.087   11.101   16.148   16.633
   18.613   19.131
           -0.962500  0.537500  0.000000
   -1.758   -1.451    2.117    2.396    9.781   10.313   11.153   11.158   16.089   16.657
   18.582   19.192
           -0.956250  0.543750  0.000000
   -1.781   -1.430    2.099    2.429    9.673   10.309   11.208   11.232   16.028   16.673
   18.557   19.255
           -0.950000  0.550000  0.000000
   -1.804   -1.410    2.082    2.464    9.564   10.304   11.266   11.309   15.966   16.681
   18.541   19.318
           -0.943750  0.556250  0.000000
   -1.827   -1.391    2.065    2.500    9.455   10.297   11.327   11.389   15.903   16.680
   18.533   19.382
           -0.937500  0.562500  0.000000
   -1.848   -1.374    2.048    2.538    9.346   10.289   11.389   11.470   15.839   16.670
   18.533   19.446
           -0.931250  0.568750  0.000000
   -1.869   -1.357    2.032    2.577    9.238   10.281   11.453   11.553   15.775   16.650
   18.543   19.512
           -0.925000  0.575000  0.000000
   -1.890   -1.341    2.016    2.618    9.130   10.272   11.518   11.637   15.709   16.622
   18.561   19.577
           -0.918750  0.581250  0.000000
   -1.909   -1.326    2.001    2.659    9.024   10.263   11.585   11.722   15.643   16.585
   18.587   19.644
           -0.912500  0.587500  0.000000
   -1.928   -1.312    1.986    2.702    8.919   10.253   11.653   11.807   15.577   16.540
   18.620   19.710
           -0.906250  0.593750  0.000000
   -1.946   -1.299    1.972    2.746    8.815   10.243   11.721   11.894   15.509   16.488
   18.661   19.778
           -0.900000  0.600000  0.000000
   -1.964   -1.287    1.959    2.791    8.713   10.234   11.791   11.982   15.441   16.430
   18.708   19.845
           -0.893750  0.606250  0.000000
   -1.980   -1.276    1.946    2.837    8.612   10.225   11.861   12.070   15.372   16.366
   18.760   19.913
           -0.887500  0.612500  0.000000
   -1.996   -1.265    1.933    2.883    8.514   10.215   11.932   12.159   15.303   16.297
   18.817   19.981
           -0.881250  0.618750  0.000000
   -2.012   -1.256    1.921    2.929    8.417   10.206   12.003   12.249   15.233   16.224
   18.879   20.049
           -0.875000  0.625000  0.000000
   -2.026   -1.247    1.910    2.976    8.323   10.197   12.075   12.339   15.163   16.147
   18.944   20.118
           -0.868750  0.631250  0.000000
   -2.040   -1.238    1.899    3.023    8.231   10.189   12.147   12.430   15.092   16.068
   19.013   20.186
           -0.862500  0.637500  0.000000
   -2.053   -1.230    1.889    3.070    8.141   10.181   12.220   12.521   15.021   15.985
   19.084   20.255
           -0.856250  0.643750  0.000000
   -2.066   -1.223    1.879    3.117    8.055   10.173   12.293   12.613   14.950   15.900
   19.158   20.323
           -0.850000  0.650000  0.000000
   -2.078   -1.217    1.869    3.163    7.971   10.165   12.367   12.705   14.878   15.813
   19.234   20.391
           -0.843750  0.656250  0.000000
   -2.089   -1.211    1.861    3.208    7.890   10.158   12.440   12.798   14.806   15.724
   19.312   20.460
           -0.837500  0.662500  0.000000
   -2.099   -1.205    1.853    3.253    7.813   10.151   12.514   12.891   14.734   15.634
   19.391   20.527
           -0.831250  0.668750  0.000000
   -2.109   -1.201    1.845    3.296    7.739   10.145   12.587   12.984   14.662   15.543
   19.472   20.595
           -0.825000  0.675000  0.000000
   -2.118   -1.196    1.838    3.338    7.669   10.139   12.661   13.078   14.589   15.451
   19.554   20.662
           -0.818750  0.681250  0.000000
   -2.126   -1.192    1.831    3.378    7.603   10.134   12.734   13.171   14.517   15.358
   19.638   20.728
           -0.812500  0.687500  0.000000
   -2.133   -1.188    1.825    3.416    7.542   10.129   12.807   13.265   14.446   15.265
   19.722   20.793
           -0.806250  0.693750  0.000000
   -2.140   -1.185    1.820    3.451    7.485   10.124   12.879   13.359   14.374   15.172
   19.806   20.857
           -0.800000  0.700000  0.000000
   -2.146   -1.183    1.815    3.484    7.433   10.120   12.950   13.452   14.304   15.078
   19.891   20.920
           -0.793750  0.706250  0.000000
   -2.151   -1.180    1.811    3.514    7.387   10.116   13.020   13.545   14.235   14.985
   19.976   20.981
           -0.787500  0.712500  0.000000
   -2.156   -1.178    1.807    3.540    7.346   10.113   13.088   13.637   14.167   14.893
   20.060   21.039
           -0.781250  0.718750  0.000000
   -2.160   -1.176    1.804    3.563    7.310   10.110   13.154   13.727   14.103   14.803
   20.144   20.985
           -0.775000  0.725000  0.000000
   -2.163   -1.175    1.802    3.583    7.281   10.108   13.215   13.814   14.042   14.715
   20.225   20.928
           -0.768750  0.731250  0.000000
   -2.166   -1.174    1.800    3.598    7.258   10.106   13.270   13.896   13.988   14.632
   20.303   20.869
           -0.762500  0.737500  0.000000
   -2.168   -1.173    1.798    3.609    7.242   10.105   13.315   13.943   13.969   14.559
   20.374   20.812
           -0.756250  0.743750  0.000000
   -2.169   -1.173    1.797    3.616    7.232   10.105   13.345   13.913   14.023   14.505
   20.429   20.764
           -0.750000  0.750000  0.000000
   -2.169   -1.172    1.797    3.618    7.228   10.104   13.356   13.902   14.044   14.484
   20.451   20.744
           -0.731250  0.731250  0.000000
   -2.256   -1.082    1.742    3.680    7.300   10.480   13.131   13.667   13.863   14.288
   20.556   20.929
           -0.712500  0.712500  0.000000
   -2.353   -0.986    1.705    3.747    7.377   10.860   12.909   13.440   13.684   14.097
   20.575   21.111
           -0.693750  0.693750  0.000000
   -2.459   -0.883    1.685    3.817    7.457   11.241   12.692   13.224   13.508   13.912
   20.477   21.110
           -0.675000  0.675000  0.000000
   -2.572   -0.773    1.683    3.891    7.542   11.616   12.479   13.026   13.335   13.734
   20.308   20.895
           -0.656250  0.656250  0.000000
   -2.693   -0.657    1.697    3.967    7.629   11.957   12.270   12.871   13.167   13.563
   20.113   20.684
           -0.637500  0.637500  0.000000
   -2.819   -0.535    1.727    4.047    7.720   12.066   12.170   12.854   13.004   13.399
   19.910   20.480
           -0.618750  0.618750  0.000000
   -2.950   -0.407    1.771    4.129    7.814   11.867   12.145   12.846   13.084   13.242
   19.706   20.282
           -0.600000  0.600000  0.000000
   -3.084   -0.272    1.829    4.214    7.909   11.674   12.003   12.694   13.094   13.438
   19.505   20.093
           -0.581250  0.581250  0.000000
   -3.220   -0.131    1.899    4.300    8.006   11.485   11.832   12.548   12.954   13.826
   19.308   19.914
           -0.562500  0.562500  0.000000
   -3.358    0.016    1.981    4.389    8.104   11.302   11.654   12.411   12.824   14.223
   19.114   19.749
           -0.543750  0.543750  0.000000
   -3.496    0.169    2.074    4.479    8.202   11.124   11.477   12.281   12.703   14.620
   18.924   19.598
           -0.525000  0.525000  0.000000
   -3.633    0.328    2.176    4.569    8.299   10.951   11.302   12.159   12.592   15.007
   18.736   19.468
           -0.506250  0.506250  0.000000
   -3.770    0.494    2.288    4.660    8.393   10.785   11.132   12.048   12.491   15.378
   18.542   19.136
           -0.487500  0.487500  0.000000
   -3.904    0.665    2.408    4.751    8.485   10.623   10.966   11.947   12.401   15.721
   18.324   18.747
           -0.468750  0.468750  0.000000
   -4.036    0.843    2.536    4.842    8.572   10.468   10.805   11.857   12.322   16.024
   18.036   18.440
           -0.450000  0.450000  0.000000
   -4.166    1.026    2.671    4.931    8.653   10.318   10.649   11.779   12.255   16.270
   17.668   18.226
           -0.431250  0.431250  0.000000
   -4.292    1.215    2.813    5.020    8.727   10.175   10.499   11.714   12.200   16.447
   17.269   18.057
           -0.412500  0.412500  0.000000
   -4.414    1.409    2.960    5.106    8.793   10.037   10.354   11.661   12.158   16.549
   16.863   17.911
           -0.393750  0.393750  0.000000
   -4.533    1.610    3.113    5.189    8.848    9.905   10.215   11.621   12.129   16.460
   16.581   17.778
           -0.375000  0.375000  0.000000
   -4.647    1.815    3.271    5.270    8.893    9.779   10.081   11.593   12.113   16.066
   16.555   17.656
           -0.356250  0.356250  0.000000
   -4.757    2.026    3.434    5.347    8.927    9.659    9.952   11.575   12.111   15.683
   16.484   17.545
           -0.337500  0.337500  0.000000
   -4.862    2.243    3.600    5.421    8.951    9.545    9.828   11.562   12.122   15.315
   16.380   17.443
           -0.318750  0.318750  0.000000
   -4.962    2.464    3.769    5.490    8.964    9.437    9.710   11.552   12.148   14.967
   16.251   17.352
           -0.300000  0.300000  0.000000
   -5.057    2.690    3.941    5.554    8.967    9.335    9.597   11.536   12.188   14.643
   16.102   17.271
           -0.281250  0.281250  0.000000
   -5.147    2.921    4.114    5.614    8.963    9.239    9.489   11.506   12.241   14.351
   15.937   17.200
           -0.262500  0.262500  0.000000
   -5.232    3.155    4.289    5.670    8.952    9.149    9.386   11.454   12.308   14.098
   15.761   17.140
           -0.243750  0.243750  0.000000
   -5.311    3.394    4.463    5.720    8.936    9.066    9.288   11.368   12.388   13.893
   15.576   17.090
           -0.225000  0.225000  0.000000
   -5.384    3.635    4.636    5.765    8.915    8.988    9.195   11.242   12.479   13.739
   15.386   17.052
           -0.206250  0.206250  0.000000
   -5.452    3.880    4.806    5.806    8.892    8.917    9.107   11.077   12.583   13.636
   15.194   17.025
           -0.187500  0.187500  0.000000
   -5.515    4.126    4.974    5.842    8.852    8.867    9.023   10.875   12.696   13.577
   15.003   17.009
           -0.168750  0.168750  0.000000
   -5.571    4.372    5.135    5.873    8.793    8.841    8.944   10.647   12.817   13.554
   14.817   17.005
           -0.150000  0.150000  0.000000
   -5.622    4.618    5.290    5.901    8.740    8.814    8.870   10.403   12.945   13.555
   14.640   17.010
           -0.131250  0.131250  0.000000
   -5.667    4.861    5.436    5.924    8.694    8.786    8.802   10.153   13.076   13.572
   14.474   17.024
           -0.112500  0.112500  0.000000
   -5.706    5.097    5.570    5.944    8.653    8.739    8.757    9.905   13.208   13.597
   14.323   17.046
           -0.093750  0.093750  0.000000
   -5.739    5.323    5.691    5.960    8.619    8.683    8.725    9.672   13.336   13.626
   14.190   17.073
           -0.075000  0.075000  0.000000
   -5.766    5.533    5.795    5.973    8.591    8.635    8.688    9.463   13.455   13.653
   14.077   17.102
           -0.056250  0.056250  0.000000
   -5.787    5.717    5.880    5.983    8.569    8.595    8.645    9.292   13.558   13.676
   13.986   17.129
           -0.037500  0.037500  0.000000
   -5.802    5.864    5.943    5.989    8.554    8.566    8.597    9.170   13.639   13.694
   13.920   17.152
           -0.018750  0.018750  0.000000
   -5.811    5.961    5.982    5.993    8.544    8.547    8.557    9.100   13.691   13.706
   13.880   17.167
            0.000000  0.000000  0.000000
   -5.814    5.995    5.995    5.995    8.541    8.541    8.541    9.077   13.709   13.709
   13.866   17.172
           -0.012500  0.012500  0.012500
   -5.812    5.970    5.991    5.991    8.546    8.546    8.548    9.092   13.702   13.702
   13.875   17.163
           -0.025000  0.025000  0.025000
   -5.806    5.896    5.981    5.981    8.562    8.562    8.564    9.139   13.681   13.681
   13.902   17.138
           -0.037500  0.037500  0.037500
   -5.796    5.782    5.964    5.964    8.578    8.586    8.586    9.222   13.646   13.646
   13.947   17.097
           -0.050000  0.050000  0.050000
   -5.782    5.634    5.941    5.941    8.583    8.620    8.620    9.341   13.601   13.601
   14.008   17.043
           -0.062500  0.062500  0.062500
   -5.764    5.461    5.912    5.912    8.577    8.663    8.663    9.491   13.548   13.548
   14.085   16.978
           -0.075000  0.075000  0.075000
   -5.742    5.269    5.879    5.879    8.559    8.712    8.712    9.665   13.488   13.488
   14.176   16.906
           -0.087500  0.087500  0.087500
   -5.716    5.064    5.841    5.841    8.533    8.767    8.767    9.857   13.425   13.425
   14.280   16.830
           -0.100000  0.100000  0.100000
   -5.686    4.848    5.800    5.800    8.500    8.827    8.827   10.060   13.360   13.360
   14.394   16.754
           -0.112500  0.112500  0.112500
   -5.652    4.626    5.757    5.757    8.461    8.891    8.891   10.273   13.297   13.297
   14.515   16.682
           -0.125000  0.125000  0.125000
   -5.614    4.399    5.712    5.712    8.419    8.957    8.957   10.491   13.237   13.237
   14.639   16.620
           -0.137500  0.137500  0.137500
   -5.573    4.169    5.665    5.665    8.374    9.024    9.024   10.713   13.183   13.183
   14.761   16.573
           -0.150000  0.150000  0.150000
   -5.527    3.937    5.617    5.617    8.326    9.091    9.091   10.938   13.136   13.136
   14.871   16.550
           -0.162500  0.162500  0.162500
   -5.478    3.704    5.569    5.569    8.278    9.156    9.156   11.163   13.097   13.097
   14.962   16.560
           -0.175000  0.175000  0.175000
   -5.425    3.471    5.521    5.521    8.228    9.218    9.218   11.389   13.069   13.069
   15.027   16.610
           -0.187500  0.187500  0.187500
   -5.368    3.239    5.473    5.473    8.178    9.276    9.276   11.615   13.053   13.053
   15.060   16.705
           -0.200000  0.200000  0.200000
   -5.308    3.008    5.426    5.426    8.128    9.330    9.330   11.840   13.050   13.050
   15.064   16.843
           -0.212500  0.212500  0.212500
   -5.244    2.779    5.380    5.380    8.078    9.377    9.377   12.063   13.061   13.061
   15.045   17.018
           -0.225000  0.225000  0.225000
   -5.176    2.551    5.334    5.334    8.029    9.417    9.417   12.283   13.088   13.088
   15.011   17.222
           -0.237500  0.237500  0.237500
   -5.105    2.327    5.291    5.291    7.981    9.450    9.450   12.501   13.130   13.130
   14.967   17.448
           -0.250000  0.250000  0.250000
   -5.031    2.105    5.248    5.248    7.935    9.476    9.476   12.714   13.188   13.188
   14.920   17.691
           -0.262500  0.262500  0.262500
   -4.954    1.886    5.207    5.207    7.890    9.495    9.495   12.921   13.261   13.261
   14.875   17.946
           -0.275000  0.275000  0.275000
   -4.874    1.670    5.168    5.168    7.846    9.507    9.507   13.118   13.350   13.350
   14.838   18.209
           -0.287500  0.287500  0.287500
   -4.791    1.459    5.131    5.131    7.804    9.513    9.513   13.303   13.455   13.455
   14.813   18.476
           -0.300000  0.300000  0.300000
   -4.705    1.252    5.095    5.095    7.764    9.513    9.513   13.469   13.573   13.573
   14.809   18.741
           -0.312500  0.312500  0.312500
   -4.618    1.049    5.062    5.062    7.727    9.508    9.508   13.607   13.705   13.705
   14.834   19.000
           -0.325000  0.325000  0.325000
   -4.528    0.852    5.030    5.030    7.691    9.500    9.500   13.712   13.849   13.849
   14.896   19.244
           -0.337500  0.337500  0.337500
   -4.437    0.660    5.001    5.001    7.657    9.488    9.488   13.781   14.005   14.005
   14.997   19.462
           -0.350000  0.350000  0.350000
   -4.344    0.474    4.973    4.973    7.626    9.475    9.475   13.817   14.172   14.172
   15.133   19.640
           -0.362500  0.362500  0.362500
   -4.251    0.295    4.948    4.948    7.597    9.459    9.459   13.829   14.349   14.349
   15.298   19.762
           -0.375000  0.375000  0.375000
   -4.159    0.123    4.925    4.925    7.571    9.443    9.443   13.826   14.535   14.535
   15.481   19.595
           -0.387500  0.387500  0.387500
   -4.067   -0.040    4.904    4.904    7.546    9.427    9.427   13.813   14.729   14.729
   15.677   19.323
           -0.400000  0.400000  0.400000
   -3.978   -0.194    4.885    4.885    7.525    9.411    9.411   13.795   14.931   14.931
   15.880   19.048
           -0.412500  0.412500  0.412500
   -3.891   -0.337    4.868    4.868    7.506    9.396    9.396   13.776   15.140   15.140
   16.087   18.773
           -0.425000  0.425000  0.425000
   -3.810   -0.467    4.854    4.854    7.489    9.383    9.383   13.757   15.354   15.354
   16.293   18.500
           -0.437500  0.437500  0.437500
   -3.736   -0.584    4.842    4.842    7.475    9.371    9.371   13.739   15.574   15.574
   16.496   18.231
           -0.450000  0.450000  0.450000
   -3.670   -0.683    4.832    4.832    7.463    9.360    9.360   13.724   15.796   15.796
   16.689   17.968
           -0.462500  0.462500  0.462500
   -3.616   -0.764    4.824    4.824    7.454    9.352    9.352   13.712   16.017   16.017
   16.866   17.714
           -0.475000  0.475000  0.475000
   -3.575   -0.824    4.818    4.818    7.448    9.346    9.346   13.702   16.230   16.230
   17.015   17.479
           -0.487500  0.487500  0.487500
   -3.550   -0.861    4.815    4.815    7.444    9.342    9.342   13.697   16.410   16.410
   17.118   17.285
           -0.500000  0.500000  0.500000
   -3.541   -0.873    4.814    4.814    7.443    9.341    9.341   13.695   16.491   16.491
   17.155   17.198
           -0.512500  0.493750  0.493750
   -3.540   -0.873    4.804    4.812    7.452    9.339    9.345   13.699   16.445   16.478
   17.175   17.213
           -0.525000  0.487500  0.487500
   -3.537   -0.871    4.775    4.807    7.479    9.334    9.357   13.713   16.333   16.442
   17.170   17.253
           -0.537500  0.481250  0.481250
   -3.532   -0.869    4.727    4.797    7.523    9.326    9.376   13.734   16.189   16.388
   17.151   17.313
           -0.550000  0.475000  0.475000
   -3.525   -0.865    4.664    4.785    7.581    9.316    9.403   13.763   16.031   16.323
   17.127   17.387
           -0.562500  0.468750  0.468750
   -3.516   -0.861    4.586    4.768    7.651    9.305    9.438   13.798   15.869   16.251
   17.098   17.470
           -0.575000  0.462500  0.462500
   -3.505   -0.855    4.497    4.749    7.728    9.295    9.480   13.838   15.705   16.174
   17.067   17.560
           -0.587500  0.456250  0.456250
   -3.492   -0.849    4.399    4.727    7.809    9.287    9.529   13.880   15.544   16.096
   17.036   17.654
           -0.600000  0.450000  0.450000
   -3.477   -0.842    4.292    4.701    7.890    9.284    9.584   13.922   15.387   16.017
   17.007   17.752
           -0.612500  0.443750  0.443750
   -3.460   -0.834    4.180    4.674    7.968    9.290    9.647   13.960   15.239   15.937
   16.980   17.853
           -0.625000  0.437500  0.437500
   -3.441   -0.826    4.063    4.644    8.038    9.308    9.716   13.988   15.103   15.857
   16.959   17.955
           -0.637500  0.431250  0.431250
   -3.420   -0.817    3.943    4.612    8.095    9.340    9.790   13.998   14.986   15.778
   16.945   18.059
           -0.650000  0.425000  0.425000
   -3.397   -0.807    3.821    4.578    8.138    9.391    9.871   13.981   14.895   15.699
   16.940   18.165
           -0.662500  0.418750  0.418750
   -3.372   -0.797    3.697    4.542    8.164    9.460    9.957   13.933   14.834   15.622
   16.945   18.272
           -0.675000  0.412500  0.412500
   -3.345   -0.787    3.573    4.505    8.174    9.548   10.049   13.851   14.802   15.546
   16.963   18.380
           -0.687500  0.406250  0.406250
   -3.316   -0.777    3.448    4.468    8.170    9.652   10.146   13.743   14.791   15.471
   16.994   18.488
           -0.700000  0.400000  0.400000
   -3.285   -0.767    3.324    4.429    8.154    9.771   10.247   13.616   14.792   15.397
   17.041   18.597
           -0.712500  0.393750  0.393750
   -3.253   -0.757    3.201    4.389    8.128    9.901   10.353   13.477   14.797   15.325
   17.104   18.706
           -0.725000  0.387500  0.387500
   -3.218   -0.747    3.080    4.350    8.096   10.040   10.464   13.331   14.800   15.254
   17.184   18.815
           -0.737500  0.381250  0.381250
   -3.182   -0.739    2.961    4.310    8.058   10.186   10.578   13.181   14.799   15.185
   17.281   18.925
           -0.750000  0.375000  0.375000
   -3.143   -0.731    2.845    4.269    8.017   10.338   10.697   13.029   14.793   15.118
   17.393   19.034
           -0.762500  0.368750  0.368750
   -3.103   -0.725    2.732    4.229    7.973   10.495   10.819   12.876   14.781   15.053
   17.520   19.143
           -0.775000  0.362500  0.362500
   -3.061   -0.721    2.622    4.189    7.927   10.655   10.945   12.723   14.762   14.989
   17.661   19.251
           -0.787500  0.356250  0.356250
   -3.018   -0.718    2.517    4.150    7.880   10.817   11.074   12.572   14.738   14.927
   17.815   19.359
           -0.800000  0.350000  0.350000
   -2.972   -0.718    2.417    4.111    7.833   10.981   11.206   12.423   14.710   14.867
   17.981   19.466
           -0.812500  0.343750  0.343750
   -2.926   -0.721    2.322    4.072    7.785   11.144   11.341   12.278   14.677   14.809
   18.156   19.571
           -0.825000  0.337500  0.337500
   -2.877   -0.727    2.233    4.034    7.738   11.301   11.479   12.142   14.640   14.754
   18.342   19.676
           -0.837500  0.331250  0.331250
   -2.827   -0.736    2.151    3.997    7.692   11.441   11.619   12.027   14.601   14.701
   18.535   19.779
           -0.850000  0.325000  0.325000
   -2.776   -0.750    2.076    3.961    7.647   11.527   11.762   11.969   14.559   14.650
   18.736   19.881
           -0.862500  0.318750  0.318750
   -2.723   -0.768    2.008    3.925    7.603   11.507   11.906   12.020   14.515   14.602
   18.943   19.981
           -0.875000  0.312500  0.312500
   -2.669   -0.790    1.948    3.891    7.560   11.410   12.052   12.151   14.469   14.557
   19.157   20.079
           -0.887500  0.306250  0.306250
   -2.615   -0.817    1.896    3.858    7.519   11.287   12.199   12.311   14.423   14.515
   19.374   20.175
           -0.900000  0.300000  0.300000
   -2.559   -0.849    1.853    3.826    7.479   11.155   12.346   12.484   14.375   14.477
   19.596   20.269
           -0.912500  0.293750  0.293750
   -2.504   -0.884    1.818    3.795    7.441   11.020   12.492   12.661   14.327   14.444
   19.818   20.359
           -0.925000  0.287500  0.287500
   -2.448   -0.924    1.792    3.766    7.405   10.885   12.638   12.842   14.279   14.416
   20.037   20.446
           -0.937500  0.281250  0.281250
   -2.393   -0.966    1.774    3.738    7.370   10.751   12.780   13.025   14.230   14.395
   20.241   20.529
           -0.950000  0.275000  0.275000
   -2.340   -1.011    1.764    3.711    7.338   10.618   12.917   13.210   14.182   14.384
   20.398   20.607
           -0.962500  0.268750  0.268750
   -2.289   -1.056    1.762    3.685    7.308   10.487   13.047   13.395   14.134   14.383
   20.476   20.677
           -0.975000  0.262500  0.262500
   -2.242   -1.099    1.767    3.661    7.279   10.357   13.166   13.580   14.087   14.397
   20.496   20.735
           -0.987500  0.256250  0.256250
   -2.202   -1.139    1.779    3.639    7.253   10.230   13.270   13.760   14.047   14.430
   20.485   20.767
           -1.000000  0.250000  0.250000
   -2.169   -1.172    1.797    3.618    7.228   10.104   13.356   13.902   14.044   14.484
   20.451   20.744
           -1.000000  0.256250  0.243750
   -2.169   -1.173    1.797    3.616    7.232   10.105   13.345   13.913   14.023   14.505
   20.429   20.764
           -1.000000  0.262500  0.237500
   -2.168   -1.173    1.798    3.609    7.242   10.105   13.315   13.943   13.969   14.559
   20.374   20.812
           -1.000000  0.268750  0.231250
   -2.166   -1.174    1.800    3.598    7.258   10.106   13.270   13.896   13.988   14.632
   20.303   20.869
           -1.000000  0.275000  0.225000
   -2.163   -1.175    1.802    3.583    7.281   10.108   13.215   13.814   14.042   14.715
   20.225   20.928
           -1.000000  0.281250  0.218750
   -2.160   -1.176    1.804    3.563    7.310   10.110   13.154   13.727   14.103   14.803
   20.144   20.985
           -1.000000  0.287500  0.212500
   -2.156   -1.178    1.807    3.540    7.346   10.113   13.088   13.637   14.167   14.893
   20.060   21.039
           -1.000000  0.293750  0.206250
   -2.151   -1.180    1.811    3.514    7.387   10.116   13.020   13.545   14.235   14.985
   19.976   20.981
           -1.000000  0.300000  0.200000
   -2.146   -1.183    1.815    3.484    7.433   10.120   12.950   13.452   14.304   15.078
   19.891   20.920
           -1.000000  0.306250  0.193750
   -2.140   -1.185    1.820    3.451    7.485   10.124   12.879   13.359   14.374   15.172
   19.806   20.857
           -1.000000  0.312500  0.187500
   -2.133   -1.188    1.825    3.416    7.542   10.129   12.807   13.265   14.446   15.265
   19.722   20.793
           -1.000000  0.318750  0.181250
   -2.126   -1.192    1.831    3.378    7.603   10.134   12.734   13.171   14.517   15.358
   19.638   20.728
           -1.000000  0.325000  0.175000
   -2.118   -1.196    1.838    3.338    7.669   10.139   12.661   13.078   14.589   15.451
   19.554   20.662
           -1.000000  0.331250  0.168750
   -2.109   -1.201    1.845    3.296    7.739   10.145   12.587   12.984   14.662   15.543
   19.472   20.595
           -1.000000  0.337500  0.162500
   -2.099   -1.205    1.853    3.253    7.813   10.151   12.514   12.891   14.734   15.634
   19.391   20.527
           -1.000000  0.343750  0.156250
   -2.089   -1.211    1.861    3.208    7.890   10.158   12.440   12.798   14.806   15.724
   19.312   20.460
           -1.000000  0.350000  0.150000
   -2.078   -1.217    1.869    3.163    7.971   10.165   12.367   12.705   14.878   15.813
   19.234   20.391
           -1.000000  0.356250  0.143750
   -2.066   -1.223    1.879    3.117    8.055   10.173   12.293   12.613   14.950   15.900
   19.158   20.323
           -1.000000  0.362500  0.137500
   -2.053   -1.230    1.889    3.070    8.141   10.181   12.220   12.521   15.021   15.985
   19.084   20.255
           -1.000000  0.368750  0.131250
   -2.040   -1.238    1.899    3.023    8.231   10.189   12.147   12.430   15.092   16.068
   19.013   20.186
           -1.000000  0.375000  0.125000
   -2.026   -1.247    1.910    2.976    8.323   10.197   12.075   12.339   15.163   16.147
   18.944   20.118
           -1.000000  0.381250  0.118750
   -2.012   -1.256    1.921    2.929    8.417   10.206   12.003   12.249   15.233   16.224
   18.879   20.049
           -1.000000  0.387500  0.112500
   -1.996   -1.265    1.933    2.883    8.514   10.215   11.932   12.159   15.303   16.297
   18.817   19.981
           -1.000000  0.393750  0.106250
   -1.980   -1.276    1.946    2.837    8.612   10.225   11.861   12.070   15.372   16.366
   18.760   19.913
           -1.000000  0.400000  0.100000
   -1.964   -1.287    1.959    2.791    8.713   10.234   11.791   11.982   15.441   16.430
   18.708   19.845
           -1.000000  0.406250  0.093750
   -1.946   -1.299    1.972    2.746    8.815   10.243   11.721   11.894   15.509   16.488
   18.661   19.778
           -1.000000  0.412500  0.087500
   -1.928   -1.312    1.986    2.702    8.919   10.253   11.653   11.807   15.577   16.540
   18.620   19.710
           -1.000000  0.418750  0.081250
   -1.909   -1.326    2.001    2.659    9.024   10.263   11.585   11.722   15.643   16.585
   18.587   19.644
           -1.000000  0.425000  0.075000
   -1.890   -1.341    2.016    2.618    9.130   10.272   11.518   11.637   15.709   16.622
   18.561   19.577
           -1.000000  0.431250  0.068750
   -1.869   -1.357    2.032    2.577    9.238   10.281   11.453   11.553   15.775   16.650
   18.543   19.512
           -1.000000  0.437500  0.062500
   -1.848   -1.374    2.048    2.538    9.346   10.289   11.389   11.470   15.839   16.670
   18.533   19.446
           -1.000000  0.443750  0.056250
   -1.827   -1.391    2.065    2.500    9.455   10.297   11.327   11.389   15.903   16.680
   18.533   19.382
           -1.000000  0.450000  0.050000
   -1.804   -1.410    2.082    2.464    9.564   10.304   11.266   11.309   15.966   16.681
   18.541   19.318
           -1.000000  0.456250  0.043750
   -1.781   -1.430    2.099    2.429    9.673   10.309   11.208   11.232   16.028   16.673
   18.557   19.255
           -1.000000  0.462500  0.037500
   -1.758   -1.451    2.117    2.396    9.781   10.313   11.153   11.158   16.089   16.657
   18.582   19.192
           -1.000000  0.468750  0.031250
   -1.733   -1.473    2.136    2.365    9.887   10.315   11.087   11.101   16.148   16.633
   18.613   19.131
           -1.000000  0.475000  0.025000
   -1.708   -1.496    2.155    2.335    9.989   10.314   11.023   11.052   16.207   16.602
   18.650   19.071
           -1.000000  0.481250  0.018750
   -1.682   -1.521    2.175    2.308   10.084   10.309   10.966   11.008   16.264   16.566
   18.692   19.012
           -1.000000  0.487500  0.012500
   -1.656   -1.546    2.195    2.282   10.168   10.301   10.924   10.969   16.320   16.524
   18.739   18.954
           -1.000000  0.493750  0.006250
   -1.628   -1.573    2.215    2.258   10.232   10.287   10.902   10.936   16.374   16.477
   18.789   18.897
           -1.000000  0.500000  0.000000
   -1.600   -1.600    2.236    2.236   10.269   10.269   10.909   10.909   16.427   16.427
   18.842   18.842
           -0.987500  0.500000  0.012500
   -1.681   -1.521    2.179    2.298   10.202   10.317   10.856   10.986   16.271   16.564
   18.698   19.004
           -0.975000  0.500000  0.025000
   -1.761   -1.442    2.127    2.364   10.127   10.332   10.841   11.078   16.096   16.681
   18.570   19.182
           -0.962500  0.500000  0.037500
   -1.842   -1.365    2.080    2.434   10.048   10.308   10.872   11.178   15.904   16.779
   18.457   19.375
           -0.950000  0.500000  0.050000
   -1.922   -1.291    2.040    2.508    9.969   10.254   10.937   11.284   15.698   16.858
   18.357   19.579
           -0.937500  0.500000  0.062500
   -2.002   -1.218    2.007    2.584    9.891   10.183   11.025   11.395   15.480   16.921
   18.270   19.788
           -0.925000  0.500000  0.075000
   -2.080   -1.149    1.981    2.664    9.816   10.104   11.126   11.509   15.252   16.968
   18.191   19.992
           -0.912500  0.500000  0.087500
   -2.158   -1.084    1.964    2.745    9.743   10.021   11.236   11.627   15.017   17.002
   18.121   20.163
           -0.900000  0.500000  0.100000
   -2.235   -1.023    1.955    2.829    9.673    9.938   11.352   11.746   14.776   17.024
   18.057   20.242
           -0.887500  0.500000  0.112500
   -2.310   -0.967    1.955    2.915    9.606    9.854   11.474   11.868   14.531   17.035
   17.998   20.178
           -0.875000  0.500000  0.125000
   -2.383   -0.916    1.965    3.002    9.543    9.771   11.600   11.992   14.283   17.036
   17.944   20.022
           -0.862500  0.500000  0.137500
   -2.455   -0.871    1.985    3.090    9.484    9.689   11.730   12.118   14.034   17.026
   17.892   19.830
           -0.850000  0.500000  0.150000
   -2.525   -0.831    2.015    3.179    9.429    9.608   11.864   12.245   13.784   17.007
   17.844   19.627
           -0.837500  0.500000  0.162500
   -2.594   -0.798    2.056    3.268    9.378    9.528   12.001   12.374   13.534   16.979
   17.799   19.424
           -0.825000  0.500000  0.175000
   -2.660   -0.771    2.107    3.358    9.331    9.450   12.141   12.504   13.285   16.941
   17.755   19.224
           -0.812500  0.500000  0.187500
   -2.724   -0.749    2.167    3.448    9.288    9.373   12.284   12.634   13.039   16.893
   17.713   19.032
           -0.800000  0.500000  0.200000
   -2.786   -0.733    2.238    3.537    9.250    9.298   12.425   12.765   12.799   16.834
   17.673   18.850
           -0.787500  0.500000  0.212500
   -2.846   -0.722    2.318    3.625    9.216    9.224   12.498   12.633   12.896   16.765
   17.635   18.680
           -0.775000  0.500000  0.225000
   -2.904   -0.715    2.406    3.713    9.151    9.187   12.294   12.750   13.027   16.685
   17.598   18.524
           -0.762500  0.500000  0.237500
   -2.959   -0.713    2.503    3.799    9.078    9.162   12.061   12.902   13.157   16.596
   17.563   18.383
           -0.750000  0.500000  0.250000
   -3.012   -0.714    2.606    3.883    9.007    9.142   11.830   13.060   13.284   16.497
   17.529   18.257
           -0.737500  0.500000  0.262500
   -3.063   -0.718    2.717    3.966    8.935    9.127   11.604   13.221   13.409   16.392
   17.497   18.145
           -0.725000  0.500000  0.275000
   -3.111   -0.724    2.833    4.046    8.863    9.116   11.382   13.385   13.530   16.284
   17.466   18.046
           -0.712500  0.500000  0.287500
   -3.157   -0.733    2.955    4.123    8.791    9.110   11.168   13.552   13.644   16.175
   17.437   17.959
           -0.700000  0.500000  0.300000
   -3.201   -0.742    3.081    4.198    8.717    9.109   10.960   13.723   13.750   16.070
   17.409   17.883
           -0.687500  0.500000  0.312500
   -3.242   -0.753    3.211    4.269    8.642    9.112   10.762   13.845   13.895   15.975
   17.383   17.816
           -0.675000  0.500000  0.325000
   -3.280   -0.765    3.344    4.336    8.563    9.119   10.573   13.926   14.071   15.894
   17.358   17.756
           -0.662500  0.500000  0.337500
   -3.316   -0.776    3.480    4.400    8.482    9.130   10.395   13.988   14.248   15.833
   17.335   17.702
           -0.650000  0.500000  0.350000
   -3.349   -0.788    3.617    4.460    8.396    9.144   10.229   14.028   14.429   15.797
   17.313   17.653
           -0.637500  0.500000  0.362500
   -3.379   -0.800    3.755    4.516    8.306    9.161   10.077   14.045   14.611   15.788
   17.293   17.608
           -0.625000  0.500000  0.375000
   -3.407   -0.811    3.892    4.567    8.212    9.180    9.940   14.039   14.796   15.806
   17.274   17.565
           -0.612500  0.500000  0.387500
   -3.433   -0.822    4.028    4.613    8.113    9.202    9.817   14.014   14.983   15.850
   17.258   17.524
           -0.600000  0.500000  0.400000
   -3.455   -0.832    4.161    4.655    8.012    9.224    9.710   13.976   15.172   15.914
   17.243   17.483
           -0.587500  0.500000  0.412500
   -3.476   -0.841    4.288    4.692    7.909    9.246    9.618   13.928   15.362   15.994
   17.229   17.443
           -0.575000  0.500000  0.425000
   -3.493   -0.850    4.409    4.724    7.808    9.268    9.541   13.878   15.553   16.083
   17.218   17.402
           -0.562500  0.500000  0.437500
   -3.508   -0.857    4.520    4.752    7.711    9.288    9.477   13.829   15.744   16.176
   17.208   17.359
           -0.550000  0.500000  0.450000
   -3.520   -0.862    4.618    4.774    7.624    9.306    9.427   13.784   15.934   16.268
   17.200   17.316
           -0.537500  0.500000  0.462500
   -3.529   -0.867    4.700    4.792    7.549    9.321    9.389   13.746   16.119   16.354
   17.193   17.274
           -0.525000  0.500000  0.475000
   -3.536   -0.870    4.762    4.804    7.491    9.332    9.362   13.718   16.291   16.425
   17.188   17.236
           -0.512500  0.500000  0.487500
   -3.540   -0.872    4.801    4.812    7.455    9.339    9.346   13.701   16.431   16.474
   17.180   17.209
           -0.500000  0.500000  0.500000
   -3.541   -0.873    4.814    4.814    7.443    9.341    9.341   13.695   16.491   16.491
   17.155   17.198
           -0.506250  0.506250  0.487500
   -3.540   -0.873    4.804    4.812    7.452    9.339    9.345   13.699   16.445   16.478
   17.175   17.213
           -0.512500  0.512500  0.475000
   -3.537   -0.871    4.775    4.807    7.479    9.334    9.357   13.713   16.333   16.442
   17.170   17.253
           -0.518750  0.518750  0.462500
   -3.532   -0.869    4.727    4.797    7.523    9.326    9.376   13.734   16.189   16.388
   17.151   17.313
           -0.525000  0.525000  0.450000
   -3.525   -0.865    4.664    4.785    7.581    9.316    9.403   13.763   16.031   16.323
   17.127   17.387
           -0.531250  0.531250  0.437500
   -3.516   -0.861    4.586    4.768    7.651    9.305    9.438   13.798   15.869   16.251
   17.098   17.470
           -0.537500  0.537500  0.425000
   -3.505   -0.855    4.497    4.749    7.728    9.295    9.480   13.838   15.705   16.174
   17.067   17.560
           -0.543750  0.543750  0.412500
   -3.492   -0.849    4.399    4.727    7.809    9.287    9.529   13.880   15.544   16.096
   17.036   17.654
           -0.550000  0.550000  0.400000
   -3.477   -0.842    4.292    4.701    7.890    9.284    9.584   13.922   15.387   16.017
   17.007   17.752
           -0.556250  0.556250  0.387500
   -3.460   -0.834    4.180    4.674    7.968    9.290    9.647   13.960   15.239   15.937
   16.980   17.853
           -0.562500  0.562500  0.375000
   -3.441   -0.826    4.063    4.644    8.038    9.308    9.716   13.988   15.103   15.857
   16.959   17.955
           -0.568750  0.568750  0.362500
   -3.420   -0.817    3.943    4.612    8.095    9.340    9.790   13.998   14.986   15.778
   16.945   18.059
           -0.575000  0.575000  0.350000
   -3.397   -0.807    3.821    4.578    8.138    9.391    9.871   13.981   14.895   15.699
   16.940   18.165
           -0.581250  0.581250  0.337500
   -3.372   -0.797    3.697    4.542    8.164    9.460    9.957   13.933   14.834   15.622
   16.945   18.272
           -0.587500  0.587500  0.325000
   -3.345   -0.787    3.573    4.505    8.174    9.548   10.049   13.851   14.802   15.546
   16.963   18.380
           -0.593750  0.593750  0.312500
   -3.316   -0.777    3.448    4.468    8.170    9.652   10.146   13.743   14.791   15.471
   16.994   18.488
           -0.600000  0.600000  0.300000
   -3.285   -0.767    3.324    4.429    8.154    9.771   10.247   13.616   14.792   15.397
   17.041   18.597
           -0.606250  0.606250  0.287500
   -3.253   -0.757    3.201    4.389    8.128    9.901   10.353   13.477   14.797   15.325
   17.104   18.706
           -0.612500  0.612500  0.275000
   -3.218   -0.747    3.080    4.350    8.096   10.040   10.464   13.331   14.800   15.254
   17.184   18.815
           -0.618750  0.618750  0.262500
   -3.182   -0.739    2.961    4.310    8.058   10.186   10.578   13.181   14.799   15.185
   17.281   18.925
           -0.625000  0.625000  0.250000
   -3.143   -0.731    2.845    4.269    8.017   10.338   10.697   13.029   14.793   15.118
   17.393   19.034
           -0.631250  0.631250  0.237500
   -3.103   -0.725    2.732    4.229    7.973   10.495   10.819   12.876   14.781   15.053
   17.520   19.143
           -0.637500  0.637500  0.225000
   -3.061   -0.721    2.622    4.189    7.927   10.655   10.945   12.723   14.762   14.989
   17.661   19.251
           -0.643750  0.643750  0.212500
   -3.018   -0.718    2.517    4.150    7.880   10.817   11.074   12.572   14.738   14.927
   17.815   19.359
           -0.650000  0.650000  0.200000
   -2.972   -0.718    2.417    4.111    7.833   10.981   11.206   12.423   14.710   14.867
   17.981   19.466
           -0.656250  0.656250  0.187500
   -2.926   -0.721    2.322    4.072    7.785   11.144   11.341   12.278   14.677   14.809
   18.156   19.571
           -0.662500  0.662500  0.175000
   -2.877   -0.727    2.233    4.034    7.738   11.301   11.479   12.142   14.640   14.754
   18.342   19.676
           -0.668750  0.668750  0.162500
   -2.827   -0.736    2.151    3.997    7.692   11.441   11.619   12.027   14.601   14.701
   18.535   19.779
           -0.675000  0.675000  0.150000
   -2.776   -0.750    2.076    3.961    7.647   11.527   11.762   11.969   14.559   14.650
   18.736   19.881
           -0.681250  0.681250  0.137500
   -2.723   -0.768    2.008    3.925    7.603   11.507   11.906   12.020   14.515   14.602
   18.943   19.981
           -0.687500  0.687500  0.125000
   -2.669   -0.790    1.948    3.891    7.560   11.410   12.052   12.151   14.469   14.557
   19.157   20.079
           -0.693750  0.693750  0.112500
   -2.615   -0.817    1.896    3.858    7.519   11.287   12.199   12.311   14.423   14.515
   19.374   20.175
           -0.700000  0.700000  0.100000
   -2.559   -0.849    1.853    3.826    7.479   11.155   12.346   12.484   14.375   14.477
   19.596   20.269
           -0.706250  0.706250  0.087500
   -2.504   -0.884    1.818    3.795    7.441   11.020   12.492   12.661   14.327   14.444
   19.818   20.359
           -0.712500  0.712500  0.075000
   -2.448   -0.924    1.792    3.766    7.405   10.885   12.638   12.842   14.279   14.416
   20.037   20.446
           -0.718750  0.718750  0.062500
   -2.393   -0.966    1.774    3.738    7.370   10.751   12.780   13.025   14.230   14.395
   20.241   20.529
           -0.725000  0.725000  0.050000
   -2.340   -1.011    1.764    3.711    7.338   10.618   12.917   13.210   14.182   14.384
   20.398   20.607
           -0.731250  0.731250  0.037500
   -2.289   -1.056    1.762    3.685    7.308   10.487   13.047   13.395   14.134   14.383
   20.476   20.677
           -0.737500  0.737500  0.025000
   -2.242   -1.099    1.767    3.661    7.279   10.357   13.166   13.580   14.087   14.397
   20.496   20.735
           -0.743750  0.743750  0.012500
   -2.202   -1.139    1.779    3.639    7.253   10.230   13.270   13.760   14.047   14.430
   20.485   20.767
           -0.750000  0.750000  0.000000
   -2.169   -1.172    1.797    3.618    7.228   10.104   13.356   13.902   14.044   14.484
   20.451   20.744
           -1.000000  0.250000  0.250000
   -2.169   -1.172    1.797    3.618    7.228   10.104   13.356   13.902   14.044   14.484
   20.451   20.744
           -1.000000  0.243750  0.243750
   -2.142   -1.201    1.819    3.598    7.205    9.981   13.431   13.982   14.105   14.551
   20.407   20.681
           -1.000000  0.237500  0.237500
   -2.116   -1.229    1.844    3.578    7.183    9.858   13.507   14.062   14.166   14.618
   20.359   20.618
           -1.000000  0.231250  0.231250
   -2.092   -1.256    1.870    3.559    7.161    9.736   13.584   14.144   14.227   14.686
   20.309   20.555
           -1.000000  0.225000  0.225000
   -2.068   -1.283    1.898    3.540    7.139    9.615   13.660   14.226   14.288   14.754
   20.257   20.491
           -1.000000  0.218750  0.218750
   -2.045   -1.308    1.928    3.522    7.118    9.495   13.737   14.308   14.349   14.822
   20.204   20.427
           -1.000000  0.212500  0.212500
   -2.024   -1.334    1.960    3.504    7.098    9.376   13.814   14.391   14.410   14.891
   20.151   20.362
           -1.000000  0.206250  0.206250
   -2.004   -1.358    1.993    3.487    7.078    9.258   13.892   14.471   14.475   14.961
   20.096   20.297
           -1.000000  0.200000  0.200000
   -1.984   -1.381    2.028    3.470    7.058    9.141   13.969   14.532   14.559   15.031
   20.041   20.232
           -1.000000  0.193750  0.193750
   -1.966   -1.404    2.065    3.454    7.040    9.026   14.047   14.593   14.643   15.101
   19.986   20.166
           -1.000000  0.187500  0.187500
   -1.949   -1.426    2.103    3.438    7.021    8.912   14.124   14.653   14.728   15.171
   19.930   20.100
           -1.000000  0.181250  0.181250
   -1.933   -1.448    2.143    3.423    7.004    8.799   14.202   14.714   14.814   15.242
   19.874   20.034
           -1.000000  0.175000  0.175000
   -1.917   -1.469    2.183    3.408    6.986    8.688   14.280   14.774   14.900   15.313
   19.818   19.967
           -1.000000  0.168750  0.168750
   -1.903   -1.489    2.226    3.393    6.970    8.578   14.357   14.833   14.986   15.384
   19.763   19.900
           -1.000000  0.162500  0.162500
   -1.890   -1.508    2.269    3.379    6.954    8.470   14.435   14.892   15.073   15.456
   19.707   19.833
           -1.000000  0.156250  0.156250
   -1.877   -1.526    2.314    3.366    6.938    8.364   14.512   14.951   15.159   15.527
   19.652   19.765
           -1.000000  0.150000  0.150000
   -1.865   -1.544    2.359    3.353    6.924    8.260   14.590   15.009   15.247   15.599
   19.597   19.698
           -1.000000  0.143750  0.143750
   -1.854   -1.561    2.405    3.341    6.909    8.157   14.666   15.066   15.334   15.670
   19.543   19.630
           -1.000000  0.137500  0.137500
   -1.844   -1.578    2.452    3.329    6.896    8.056   14.743   15.123   15.421   15.742
   19.490   19.562
           -1.000000  0.131250  0.131250
   -1.835   -1.593    2.499    3.317    6.883    7.958   14.819   15.179   15.509   15.813
   19.437   19.494
           -1.000000  0.125000  0.125000
   -1.826   -1.608    2.546    3.306    6.870    7.862   14.894   15.234   15.596   15.884
   19.384   19.426
           -1.000000  0.118750  0.118750
   -1.818   -1.623    2.594    3.296    6.858    7.768   14.968   15.287   15.684   15.955
   19.333   19.359
           -1.000000  0.112500  0.112500
   -1.810   -1.636    2.642    3.286    6.847    7.677   15.042   15.340   15.771   16.026
   19.283   19.291
           -1.000000  0.106250  0.106250
   -1.803   -1.649    2.689    3.277    6.836    7.589   15.114   15.391   15.857   16.095
   19.224   19.234
           -1.000000  0.100000  0.100000
   -1.797   -1.661    2.736    3.268    6.826    7.504   15.185   15.441   15.944   16.165
   19.158   19.186
           -1.000000  0.093750  0.093750
   -1.791   -1.672    2.782    3.260    6.816    7.422   15.255   15.489   16.029   16.233
   19.092   19.139
           -1.000000  0.087500  0.087500
   -1.786   -1.683    2.827    3.252    6.808    7.343   15.323   15.535   16.114   16.300
   19.027   19.046
           -1.000000  0.081250  0.081250
   -1.781   -1.692    2.871    3.245    6.799    7.268   15.389   15.579   16.197   16.366
   18.963   18.974
           -1.000000  0.075000  0.075000
   -1.777   -1.702    2.914    3.238    6.792    7.197   15.453   15.621   16.279   16.431
   18.901   18.905
           -1.000000  0.068750  0.068750
   -1.773   -1.710    2.954    3.232    6.785    7.130   15.514   15.661   16.359   16.493
   18.839   18.840
           -1.000000  0.062500  0.062500
   -1.770   -1.718    2.993    3.226    6.778    7.067   15.572   15.698   16.437   16.554
   18.776   18.781
           -1.000000  0.056250  0.056250
   -1.767   -1.725    3.029    3.221    6.772    7.009   15.627   15.733   16.512   16.612
   18.717   18.725
           -1.000000  0.050000  0.050000
   -1.764   -1.731    3.063    3.217    6.767    6.956   15.678   15.764   16.584   16.666
   18.662   18.672
           -1.000000  0.043750  0.043750
   -1.762   -1.736    3.093    3.213    6.762    6.909   15.724   15.793   16.651   16.717
   18.612   18.622
           -1.000000  0.037500  0.037500
   -1.759   -1.741    3.120    3.209    6.758    6.867   15.766   15.818   16.712   16.764
   18.568   18.577
           -1.000000  0.031250  0.031250
   -1.758   -1.745    3.144    3.206    6.755    6.831   15.803   15.839   16.768   16.805
   18.529   18.536
           -1.000000  0.025000  0.025000
   -1.756   -1.748    3.164    3.204    6.752    6.801   15.833   15.857   16.816   16.841
   18.496   18.501
           -1.000000  0.018750  0.018750
   -1.755   -1.751    3.179    3.202    6.750    6.778   15.858   15.872   16.855   16.869
   18.470   18.473
           -1.000000  0.012500  0.012500
   -1.755   -1.753    3.190    3.201    6.748    6.761   15.876   15.882   16.884   16.890
   18.451   18.453
           -1.000000  0.006250  0.006250
   -1.754   -1.754    3.197    3.200    6.747    6.751   15.886   15.888   16.902   16.903
   18.440   18.440
           -1.000000  0.000000  0.000000
   -1.754   -1.754    3.200    3.200    6.747    6.747   15.890   15.890   16.908   16.908
   18.436   18.436
