 &plot nbnd=  15, nks=   161 /
            0.000000  0.000000  0.000000
  -48.392  -20.321  -20.321  -20.321   -9.356    1.839    1.839    1.839    5.955   10.833
   10.833   10.833   12.833   12.833   14.381
            0.000000  0.000000  0.025000
  -48.392  -20.321  -20.321  -20.321   -9.356    1.833    1.838    1.838    5.964   10.823
   10.837   10.837   12.820   12.835   14.397
            0.000000  0.000000  0.050000
  -48.392  -20.321  -20.321  -20.321   -9.353    1.815    1.834    1.834    5.989   10.792
   10.850   10.850   12.783   12.841   14.444
            0.000000  0.000000  0.075000
  -48.392  -20.321  -20.321  -20.321   -9.349    1.785    1.827    1.827    6.030   10.742
   10.870   10.870   12.723   12.851   14.520
            0.000000  0.000000  0.100000
  -48.392  -20.322  -20.321  -20.321   -9.343    1.745    1.817    1.817    6.086   10.675
   10.898   10.898   12.642   12.865   14.623
            0.000000  0.000000  0.125000
  -48.392  -20.322  -20.321  -20.321   -9.335    1.695    1.805    1.805    6.157   10.594
   10.934   10.934   12.543   12.883   14.750
            0.000000  0.000000  0.150000
  -48.392  -20.322  -20.321  -20.321   -9.326    1.637    1.791    1.791    6.240   10.503
   10.977   10.977   12.429   12.905   14.898
            0.000000  0.000000  0.175000
  -48.392  -20.322  -20.321  -20.321   -9.315    1.571    1.774    1.774    6.335   10.402
   11.028   11.028   12.303   12.931   15.066
            0.000000  0.000000  0.200000
  -48.392  -20.323  -20.322  -20.322   -9.303    1.499    1.755    1.755    6.439   10.295
   11.086   11.086   12.167   12.960   15.250
            0.000000  0.000000  0.225000
  -48.392  -20.323  -20.322  -20.322   -9.289    1.423    1.734    1.734    6.551   10.184
   11.151   11.151   12.025   12.994   15.449
            0.000000  0.000000  0.250000
  -48.392  -20.324  -20.322  -20.322   -9.274    1.343    1.712    1.712    6.671   10.070
   11.223   11.223   11.879   13.031   15.660
            0.000000  0.000000  0.275000
  -48.392  -20.324  -20.322  -20.322   -9.258    1.261    1.688    1.688    6.795    9.955
   11.302   11.302   11.730   13.072   15.884
            0.000000  0.000000  0.300000
  -48.392  -20.325  -20.322  -20.322   -9.241    1.177    1.662    1.662    6.923    9.839
   11.386   11.386   11.581   13.116   16.117
            0.000000  0.000000  0.325000
  -48.392  -20.325  -20.322  -20.322   -9.223    1.092    1.635    1.635    7.054    9.724
   11.435   11.477   11.477   13.164   16.360
            0.000000  0.000000  0.350000
  -48.392  -20.326  -20.323  -20.323   -9.204    1.007    1.607    1.607    7.184    9.610
   11.292   11.573   11.573   13.215   16.612
            0.000000  0.000000  0.375000
  -48.392  -20.326  -20.323  -20.323   -9.184    0.923    1.579    1.579    7.313    9.498
   11.156   11.675   11.675   13.269   16.871
            0.000000  0.000000  0.400000
  -48.392  -20.327  -20.323  -20.323   -9.163    0.840    1.550    1.550    7.439    9.388
   11.029   11.781   11.781   13.326   17.138
            0.000000  0.000000  0.425000
  -48.392  -20.327  -20.323  -20.323   -9.142    0.758    1.520    1.520    7.559    9.281
   10.913   11.893   11.893   13.386   17.411
            0.000000  0.000000  0.450000
  -48.392  -20.328  -20.323  -20.323   -9.120    0.678    1.491    1.491    7.670    9.178
   10.812   12.009   12.009   13.449   17.691
            0.000000  0.000000  0.475000
  -48.392  -20.328  -20.324  -20.324   -9.098    0.601    1.461    1.461    7.769    9.078
   10.727   12.129   12.129   13.514   17.819
            0.000000  0.000000  0.500000
  -48.392  -20.329  -20.324  -20.324   -9.077    0.526    1.432    1.432    7.855    8.981
   10.663   12.253   12.253   13.581   17.941
            0.000000  0.000000  0.525000
  -48.392  -20.330  -20.324  -20.324   -9.055    0.455    1.402    1.402    7.923    8.889
   10.622   12.382   12.382   13.650   18.056
            0.000000  0.000000  0.550000
  -48.392  -20.330  -20.324  -20.324   -9.033    0.386    1.374    1.374    7.972    8.800
   10.606   12.513   12.513   13.721   18.156
            0.000000  0.000000  0.575000
  -48.392  -20.331  -20.325  -20.325   -9.011    0.321    1.346    1.346    8.001    8.716
   10.616   12.648   12.648   13.792   18.229
            0.000000  0.000000  0.600000
  -48.392  -20.331  -20.325  -20.325   -8.990    0.260    1.319    1.319    8.011    8.636
   10.652   12.786   12.786   13.865   18.265
            0.000000  0.000000  0.625000
  -48.392  -20.332  -20.325  -20.325   -8.970    0.202    1.293    1.293    8.003    8.561
   10.711   12.927   12.927   13.938   18.251
            0.000000  0.000000  0.650000
  -48.392  -20.332  -20.325  -20.325   -8.950    0.148    1.268    1.268    7.980    8.490
   10.791   13.071   13.071   14.011   18.186
            0.000000  0.000000  0.675000
  -48.392  -20.332  -20.325  -20.325   -8.931    0.097    1.245    1.245    7.945    8.424
   10.888   13.217   13.217   14.083   18.078
            0.000000  0.000000  0.700000
  -48.392  -20.333  -20.326  -20.326   -8.913    0.051    1.222    1.222    7.902    8.362
   10.998   13.365   13.365   14.154   17.938
            0.000000  0.000000  0.725000
  -48.392  -20.333  -20.326  -20.326   -8.896    0.008    1.201    1.201    7.853    8.305
   11.117   13.515   13.515   14.223   17.777
            0.000000  0.000000  0.750000
  -48.392  -20.334  -20.326  -20.326   -8.880   -0.031    1.182    1.182    7.802    8.253
   11.242   13.667   13.667   14.290   17.604
            0.000000  0.000000  0.775000
  -48.392  -20.334  -20.326  -20.326   -8.865   -0.066    1.164    1.164    7.750    8.206
   11.369   13.819   13.819   14.354   17.425
            0.000000  0.000000  0.800000
  -48.392  -20.334  -20.326  -20.326   -8.852   -0.097    1.148    1.148    7.700    8.164
   11.495   13.972   13.972   14.413   17.244
            0.000000  0.000000  0.825000
  -48.392  -20.334  -20.326  -20.326   -8.840   -0.125    1.134    1.134    7.653    8.126
   11.617   14.124   14.124   14.468   17.063
            0.000000  0.000000  0.850000
  -48.392  -20.335  -20.326  -20.326   -8.829   -0.148    1.121    1.121    7.610    8.094
   11.732   14.275   14.275   14.518   16.886
            0.000000  0.000000  0.875000
  -48.392  -20.335  -20.327  -20.327   -8.820   -0.168    1.111    1.111    7.572    8.066
   11.837   14.421   14.421   14.562   16.716
            0.000000  0.000000  0.900000
  -48.392  -20.335  -20.327  -20.327   -8.813   -0.184    1.102    1.102    7.540    8.044
   11.928   14.559   14.559   14.598   16.558
            0.000000  0.000000  0.925000
  -48.392  -20.335  -20.327  -20.327   -8.807   -0.197    1.095    1.095    7.515    8.026
   12.003   14.628   14.685   14.685   16.416
            0.000000  0.000000  0.950000
  -48.392  -20.335  -20.327  -20.327   -8.803   -0.206    1.090    1.090    7.496    8.014
   12.059   14.649   14.790   14.790   16.300
            0.000000  0.000000  0.975000
  -48.392  -20.335  -20.327  -20.327   -8.800   -0.211    1.087    1.087    7.485    8.006
   12.093   14.662   14.861   14.861   16.221
            0.000000  0.000000  1.000000
  -48.392  -20.335  -20.327  -20.327   -8.799   -0.213    1.086    1.086    7.481    8.004
   12.105   14.666   14.887   14.887   16.193
           -0.012500  0.000000  1.000000
  -48.392  -20.335  -20.327  -20.327   -8.799   -0.213    1.085    1.086    7.483    8.005
   12.103   14.629   14.887   14.920   16.193
           -0.025000  0.000000  1.000000
  -48.392  -20.335  -20.327  -20.327   -8.799   -0.212    1.083    1.085    7.487    8.010
   12.097   14.551   14.888   14.990   16.194
           -0.037500 -0.000000  1.000000
  -48.392  -20.335  -20.327  -20.327   -8.799   -0.210    1.080    1.083    7.495    8.018
   12.088   14.459   14.891   15.068   16.194
           -0.050000 -0.000000  1.000000
  -48.392  -20.335  -20.327  -20.327   -8.799   -0.207    1.075    1.081    7.505    8.028
   12.075   14.360   14.894   15.146   16.193
           -0.062500  0.000000  1.000000
  -48.392  -20.335  -20.327  -20.327   -8.798   -0.204    1.069    1.078    7.519    8.042
   12.058   14.258   14.898   15.222   16.193
           -0.075000  0.000000  1.000000
  -48.392  -20.335  -20.327  -20.327   -8.798   -0.200    1.061    1.074    7.535    8.059
   12.038   14.153   14.904   15.294   16.192
           -0.087500  0.000000  1.000000
  -48.392  -20.335  -20.327  -20.327   -8.798   -0.195    1.053    1.070    7.555    8.079
   12.014   14.046   14.910   15.363   16.191
           -0.100000 -0.000000  1.000000
  -48.392  -20.335  -20.327  -20.327   -8.797   -0.189    1.043    1.065    7.577    8.101
   11.986   13.938   14.917   15.428   16.190
           -0.112500 -0.000000  1.000000
  -48.392  -20.335  -20.327  -20.327   -8.797   -0.182    1.031    1.060    7.601    8.127
   11.956   13.829   14.925   15.488   16.188
           -0.125000  0.000000  1.000000
  -48.392  -20.335  -20.327  -20.327   -8.797   -0.175    1.019    1.054    7.629    8.155
   11.922   13.720   14.934   15.545   16.185
           -0.137500  0.000000  1.000000
  -48.392  -20.335  -20.327  -20.327   -8.796   -0.167    1.005    1.048    7.659    8.186
   11.884   13.609   14.944   15.597   16.182
           -0.150000  0.000000  1.000000
  -48.392  -20.335  -20.327  -20.327   -8.796   -0.159    0.991    1.041    7.692    8.220
   11.844   13.499   14.955   15.645   16.178
           -0.162500 -0.000000  1.000000
  -48.392  -20.335  -20.327  -20.327   -8.795   -0.149    0.975    1.034    7.727    8.257
   11.801   13.389   14.966   15.689   16.172
           -0.175000 -0.000000  1.000000
  -48.392  -20.335  -20.327  -20.327   -8.794   -0.139    0.958    1.027    7.764    8.296
   11.755   13.278   14.979   15.730   16.166
           -0.187500  0.000000  1.000000
  -48.392  -20.334  -20.328  -20.327   -8.794   -0.128    0.940    1.019    7.804    8.337
   11.706   13.168   14.993   15.767   16.159
           -0.200000  0.000000  1.000000
  -48.392  -20.334  -20.328  -20.327   -8.793   -0.117    0.922    1.011    7.846    8.382
   11.655   13.059   15.007   15.801   16.150
           -0.212500  0.000000  1.000000
  -48.392  -20.334  -20.328  -20.327   -8.792   -0.104    0.902    1.003    7.890    8.428
   11.601   12.950   15.022   15.833   16.140
           -0.225000 -0.000000  1.000000
  -48.392  -20.334  -20.328  -20.327   -8.792   -0.092    0.882    0.995    7.935    8.477
   11.545   12.842   15.039   15.862   16.129
           -0.237500 -0.000000  1.000000
  -48.392  -20.334  -20.328  -20.327   -8.791   -0.078    0.861    0.987    7.983    8.528
   11.487   12.735   15.056   15.888   16.116
           -0.250000  0.000000  1.000000
  -48.392  -20.334  -20.328  -20.327   -8.790   -0.064    0.839    0.979    8.031    8.581
   11.426   12.629   15.074   15.912   16.102
           -0.262500  0.000000  1.000000
  -48.392  -20.334  -20.328  -20.327   -8.790   -0.049    0.817    0.971    8.082    8.636
   11.364   12.525   15.093   15.935   16.086
           -0.275000  0.000000  1.000000
  -48.392  -20.334  -20.328  -20.327   -8.789   -0.033    0.794    0.962    8.133    8.693
   11.300   12.422   15.113   15.955   16.069
           -0.287500 -0.000000  1.000000
  -48.392  -20.334  -20.328  -20.327   -8.788   -0.017    0.771    0.955    8.186    8.753
   11.234   12.321   15.133   15.974   16.051
           -0.300000  0.000000  1.000000
  -48.392  -20.333  -20.329  -20.327   -8.788    0.000    0.747    0.947    8.239    8.813
   11.166   12.223   15.155   15.991   16.031
           -0.312500  0.000000  1.000000
  -48.392  -20.333  -20.329  -20.327   -8.787    0.018    0.723    0.939    8.292    8.876
   11.097   12.126   15.177   16.007   16.010
           -0.325000  0.000000  1.000000
  -48.392  -20.333  -20.329  -20.327   -8.786    0.036    0.698    0.932    8.346    8.940
   11.027   12.033   15.200   15.987   16.022
           -0.337500  0.000000  1.000000
  -48.392  -20.333  -20.329  -20.327   -8.786    0.054    0.673    0.925    8.399    9.006
   10.955   11.942   15.224   15.963   16.035
           -0.350000 -0.000000  1.000000
  -48.392  -20.333  -20.329  -20.327   -8.785    0.074    0.648    0.918    8.452    9.073
   10.882   11.855   15.248   15.938   16.047
           -0.362500  0.000000  1.000000
  -48.392  -20.333  -20.329  -20.327   -8.785    0.094    0.622    0.912    8.504    9.142
   10.808   11.771   15.274   15.912   16.058
           -0.375000  0.000000  1.000000
  -48.392  -20.333  -20.329  -20.328   -8.784    0.114    0.597    0.906    8.555    9.212
   10.734   11.692   15.300   15.886   16.068
           -0.387500  0.000000  1.000000
  -48.392  -20.332  -20.330  -20.328   -8.784    0.135    0.571    0.901    8.603    9.283
   10.658   11.617   15.326   15.858   16.077
           -0.400000  0.000000  1.000000
  -48.392  -20.332  -20.330  -20.328   -8.783    0.156    0.546    0.896    8.649    9.355
   10.582   11.548   15.354   15.829   16.085
           -0.412500 -0.000000  1.000000
  -48.392  -20.332  -20.330  -20.328   -8.783    0.178    0.520    0.892    8.692    9.428
   10.505   11.485   15.381   15.800   16.092
           -0.425000  0.000000  1.000000
  -48.392  -20.332  -20.330  -20.328   -8.783    0.200    0.494    0.888    8.731    9.502
   10.428   11.428   15.410   15.771   16.098
           -0.437500  0.000000  1.000000
  -48.392  -20.332  -20.330  -20.328   -8.782    0.223    0.468    0.885    8.766    9.577
   10.351   11.378   15.439   15.741   16.103
           -0.450000  0.000000  1.000000
  -48.392  -20.332  -20.330  -20.328   -8.782    0.246    0.443    0.882    8.795    9.653
   10.273   11.336   15.468   15.711   16.107
           -0.462500  0.000000  1.000000
  -48.392  -20.331  -20.330  -20.328   -8.782    0.270    0.417    0.880    8.819    9.729
   10.195   11.303   15.498   15.680   16.111
           -0.475000 -0.000000  1.000000
  -48.392  -20.331  -20.331  -20.328   -8.782    0.294    0.392    0.879    8.836    9.806
   10.117   11.279   15.528   15.650   16.113
           -0.487500  0.000000  1.000000
  -48.392  -20.331  -20.331  -20.328   -8.782    0.318    0.367    0.878    8.847    9.883
   10.039   11.264   15.558   15.619   16.114
           -0.500000  0.000000  1.000000
  -48.392  -20.331  -20.331  -20.328   -8.782    0.342    0.342    0.877    8.851    9.961
    9.961   11.259   15.588   15.588   16.115
           -0.500000 -0.012500  0.987500
  -48.392  -20.331  -20.331  -20.328   -8.782    0.339    0.344    0.880    8.852    9.954
    9.963   11.265   15.532   15.587   16.141
           -0.500000 -0.025000  0.975000
  -48.392  -20.331  -20.331  -20.328   -8.782    0.329    0.348    0.889    8.856    9.934
    9.970   11.282   15.405   15.584   16.165
           -0.500000 -0.037500  0.962500
  -48.392  -20.331  -20.331  -20.327   -8.783    0.314    0.356    0.903    8.862    9.903
    9.982   11.310   15.251   15.579   16.172
           -0.500000 -0.050000  0.950000
  -48.392  -20.331  -20.331  -20.327   -8.784    0.294    0.366    0.921    8.871    9.861
    9.998   11.346   15.091   15.572   16.173
           -0.500000 -0.062500  0.937500
  -48.392  -20.332  -20.331  -20.327   -8.786    0.270    0.380    0.943    8.883    9.810
   10.019   11.388   14.932   15.562   16.173
           -0.500000 -0.075000  0.925000
  -48.392  -20.332  -20.331  -20.327   -8.788    0.243    0.396    0.967    8.898    9.752
   10.044   11.434   14.776   15.551   16.171
           -0.500000 -0.087500  0.912500
  -48.392  -20.332  -20.330  -20.327   -8.790    0.213    0.415    0.993    8.915    9.689
   10.073   11.482   14.627   15.539   16.168
           -0.500000 -0.100000  0.900000
  -48.392  -20.332  -20.330  -20.326   -8.793    0.182    0.436    1.020    8.935    9.621
   10.107   11.529   14.488   15.524   16.165
           -0.500000 -0.112500  0.887500
  -48.392  -20.333  -20.330  -20.326   -8.795    0.150    0.461    1.048    8.959    9.549
   10.144   11.573   14.359   15.509   16.161
           -0.500000 -0.125000  0.875000
  -48.392  -20.333  -20.330  -20.326   -8.798    0.117    0.488    1.076    8.985    9.474
   10.184   11.613   14.243   15.491   16.157
           -0.500000 -0.137500  0.862500
  -48.392  -20.333  -20.330  -20.326   -8.802    0.083    0.517    1.104    9.015    9.397
   10.228   11.645   14.141   15.473   16.153
           -0.500000 -0.150000  0.850000
  -48.392  -20.334  -20.329  -20.326   -8.805    0.049    0.549    1.131    9.048    9.318
   10.275   11.669   14.057   15.454   16.149
           -0.500000 -0.162500  0.837500
  -48.392  -20.334  -20.329  -20.325   -8.809    0.015    0.583    1.159    9.084    9.237
   10.324   11.681   13.991   15.434   16.144
           -0.500000 -0.175000  0.825000
  -48.392  -20.334  -20.329  -20.325   -8.813   -0.018    0.619    1.186    9.124    9.155
   10.376   11.681   13.945   15.413   16.140
           -0.500000 -0.187500  0.812500
  -48.392  -20.335  -20.328  -20.325   -8.817   -0.051    0.657    1.212    9.072    9.167
   10.431   11.668   13.920   15.392   16.136
           -0.500000 -0.200000  0.800000
  -48.392  -20.335  -20.328  -20.325   -8.821   -0.084    0.697    1.237    8.989    9.213
   10.487   11.643   13.914   15.370   16.133
           -0.500000 -0.212500  0.787500
  -48.392  -20.335  -20.328  -20.325   -8.825   -0.116    0.738    1.261    8.904    9.262
   10.544   11.606   13.928   15.348   16.129
           -0.500000 -0.225000  0.775000
  -48.392  -20.336  -20.327  -20.325   -8.830   -0.147    0.781    1.284    8.820    9.315
   10.604   11.560   13.959   15.326   16.127
           -0.500000 -0.237500  0.762500
  -48.392  -20.336  -20.327  -20.324   -8.834   -0.178    0.825    1.307    8.736    9.371
   10.664   11.505   14.005   15.303   16.125
           -0.500000 -0.250000  0.750000
  -48.392  -20.336  -20.327  -20.324   -8.839   -0.207    0.870    1.328    8.651    9.430
   10.724   11.445   14.064   15.280   16.124
           -0.500000 -0.262500  0.737500
  -48.392  -20.336  -20.327  -20.324   -8.843   -0.236    0.916    1.348    8.567    9.492
   10.785   11.381   14.134   15.256   16.124
           -0.500000 -0.275000  0.725000
  -48.392  -20.337  -20.326  -20.324   -8.847   -0.263    0.963    1.367    8.484    9.557
   10.846   11.314   14.213   15.232   16.126
           -0.500000 -0.287500  0.712500
  -48.392  -20.337  -20.326  -20.324   -8.852   -0.289    1.009    1.385    8.402    9.624
   10.906   11.248   14.299   15.207   16.129
           -0.500000 -0.300000  0.700000
  -48.392  -20.337  -20.326  -20.324   -8.856   -0.315    1.056    1.402    8.321    9.693
   10.965   11.181   14.390   15.180   16.135
           -0.500000 -0.312500  0.687500
  -48.392  -20.337  -20.325  -20.324   -8.860   -0.338    1.102    1.418    8.242    9.764
   11.023   11.116   14.485   15.152   16.143
           -0.500000 -0.325000  0.675000
  -48.392  -20.338  -20.325  -20.323   -8.864   -0.361    1.147    1.432    8.165    9.837
   11.054   11.078   14.582   15.120   16.109
           -0.500000 -0.337500  0.662500
  -48.392  -20.338  -20.325  -20.323   -8.867   -0.382    1.192    1.446    8.090    9.911
   10.995   11.132   14.680   15.083   15.971
           -0.500000 -0.350000  0.650000
  -48.392  -20.338  -20.324  -20.323   -8.871   -0.402    1.235    1.458    8.019    9.986
   10.939   11.182   14.777   15.041   15.848
           -0.500000 -0.362500  0.637500
  -48.392  -20.338  -20.324  -20.323   -8.874   -0.420    1.276    1.469    7.950   10.060
   10.886   11.229   14.872   14.991   15.742
           -0.500000 -0.375000  0.625000
  -48.392  -20.339  -20.324  -20.323   -8.878   -0.437    1.316    1.480    7.886   10.134
   10.838   11.272   14.933   14.962   15.654
           -0.500000 -0.387500  0.612500
  -48.392  -20.339  -20.324  -20.323   -8.880   -0.452    1.353    1.489    7.826   10.207
   10.795   11.311   14.868   15.047   15.584
           -0.500000 -0.400000  0.600000
  -48.392  -20.339  -20.324  -20.323   -8.883   -0.466    1.387    1.497    7.771   10.277
   10.755   11.346   14.799   15.124   15.530
           -0.500000 -0.412500  0.587500
  -48.392  -20.339  -20.323  -20.323   -8.886   -0.478    1.418    1.504    7.721   10.344
   10.720   11.375   14.728   15.192   15.490
           -0.500000 -0.425000  0.575000
  -48.392  -20.339  -20.323  -20.323   -8.888   -0.488    1.446    1.510    7.677   10.406
   10.690   11.400   14.660   15.251   15.460
           -0.500000 -0.437500  0.562500
  -48.392  -20.339  -20.323  -20.323   -8.889   -0.497    1.470    1.515    7.639   10.462
   10.664   11.420   14.597   15.300   15.440
           -0.500000 -0.450000  0.550000
  -48.392  -20.339  -20.323  -20.323   -8.891   -0.505    1.490    1.520    7.607   10.511
   10.643   11.435   14.543   15.338   15.425
           -0.500000 -0.462500  0.537500
  -48.392  -20.339  -20.323  -20.323   -8.892   -0.511    1.506    1.523    7.582   10.551
   10.627   11.446   14.498   15.367   15.415
           -0.500000 -0.475000  0.525000
  -48.392  -20.339  -20.323  -20.323   -8.893   -0.515    1.518    1.525    7.564   10.581
   10.615   11.453   14.465   15.388   15.408
           -0.500000 -0.487500  0.512500
  -48.392  -20.339  -20.323  -20.323   -8.893   -0.517    1.525    1.527    7.554   10.599
   10.608   11.457   14.445   15.400   15.405
           -0.500000 -0.500000  0.500000
  -48.392  -20.339  -20.323  -20.323   -8.893   -0.518    1.527    1.527    7.550   10.606
   10.606   11.459   14.439   15.404   15.404
           -0.487500 -0.487500  0.487500
  -48.392  -20.339  -20.323  -20.323   -8.894   -0.515    1.528    1.528    7.550   10.607
   10.607   11.452   14.439   15.376   15.376
           -0.475000 -0.475000  0.475000
  -48.392  -20.339  -20.323  -20.323   -8.897   -0.507    1.529    1.529    7.552   10.612
   10.612   11.430   14.439   15.300   15.300
           -0.462500 -0.462500  0.462500
  -48.392  -20.339  -20.323  -20.323   -8.901   -0.493    1.531    1.531    7.554   10.619
   10.619   11.396   14.441   15.187   15.187
           -0.450000 -0.450000  0.450000
  -48.392  -20.339  -20.323  -20.323   -8.906   -0.474    1.534    1.534    7.556   10.629
   10.629   11.348   14.444   15.051   15.051
           -0.437500 -0.437500  0.437500
  -48.392  -20.339  -20.323  -20.323   -8.913   -0.449    1.538    1.538    7.560   10.642
   10.642   11.289   14.450   14.900   14.900
           -0.425000 -0.425000  0.425000
  -48.392  -20.338  -20.323  -20.323   -8.921   -0.419    1.543    1.543    7.563   10.658
   10.658   11.220   14.459   14.742   14.742
           -0.412500 -0.412500  0.412500
  -48.392  -20.338  -20.323  -20.323   -8.931   -0.383    1.548    1.548    7.566   10.677
   10.677   11.142   14.473   14.580   14.580
           -0.400000 -0.400000  0.400000
  -48.392  -20.338  -20.323  -20.323   -8.942   -0.343    1.555    1.555    7.569   10.698
   10.698   11.057   14.417   14.417   14.490
           -0.387500 -0.387500  0.387500
  -48.392  -20.337  -20.323  -20.323   -8.954   -0.297    1.562    1.562    7.571   10.722
   10.722   10.967   14.255   14.255   14.512
           -0.375000 -0.375000  0.375000
  -48.392  -20.337  -20.322  -20.322   -8.968   -0.247    1.570    1.570    7.572   10.748
   10.748   10.874   14.095   14.095   14.540
           -0.362500 -0.362500  0.362500
  -48.392  -20.336  -20.322  -20.322   -8.982   -0.192    1.578    1.578    7.570   10.776
   10.776   10.778   13.938   13.938   14.572
           -0.350000 -0.350000  0.350000
  -48.392  -20.336  -20.322  -20.322   -8.997   -0.133    1.587    1.587    7.566   10.684
   10.806   10.806   13.786   13.786   14.609
           -0.337500 -0.337500  0.337500
  -48.392  -20.335  -20.322  -20.322   -9.013   -0.069    1.597    1.597    7.558   10.591
   10.837   10.837   13.639   13.639   14.650
           -0.325000 -0.325000  0.325000
  -48.392  -20.334  -20.322  -20.322   -9.030   -0.002    1.607    1.607    7.546   10.502
   10.870   10.870   13.497   13.497   14.696
           -0.312500 -0.312500  0.312500
  -48.392  -20.334  -20.322  -20.322   -9.047    0.069    1.618    1.618    7.528   10.419
   10.903   10.903   13.361   13.361   14.746
           -0.300000 -0.300000  0.300000
  -48.392  -20.333  -20.322  -20.322   -9.064    0.144    1.629    1.629    7.504   10.344
   10.937   10.937   13.232   13.232   14.800
           -0.287500 -0.287500  0.287500
  -48.392  -20.332  -20.322  -20.322   -9.082    0.222    1.640    1.640    7.473   10.278
   10.971   10.971   13.111   13.111   14.857
           -0.275000 -0.275000  0.275000
  -48.392  -20.332  -20.322  -20.322   -9.100    0.303    1.652    1.652    7.435   10.222
   11.003   11.003   12.998   12.998   14.916
           -0.262500 -0.262500  0.262500
  -48.392  -20.331  -20.322  -20.322   -9.119    0.387    1.664    1.664    7.388   10.177
   11.034   11.034   12.895   12.895   14.978
           -0.250000 -0.250000  0.250000
  -48.392  -20.330  -20.322  -20.322   -9.137    0.472    1.676    1.676    7.333   10.144
   11.062   11.062   12.802   12.802   15.041
           -0.237500 -0.237500  0.237500
  -48.392  -20.330  -20.322  -20.322   -9.155    0.560    1.689    1.689    7.271   10.123
   11.085   11.085   12.720   12.720   15.104
           -0.225000 -0.225000  0.225000
  -48.392  -20.329  -20.322  -20.322   -9.172    0.650    1.701    1.701    7.200   10.115
   11.104   11.104   12.651   12.651   15.166
           -0.212500 -0.212500  0.212500
  -48.392  -20.328  -20.322  -20.322   -9.190    0.740    1.713    1.713    7.123   10.118
   11.116   11.116   12.596   12.596   15.226
           -0.200000 -0.200000  0.200000
  -48.392  -20.327  -20.322  -20.322   -9.207    0.831    1.725    1.725    7.040   10.132
   11.121   11.121   12.554   12.554   15.281
           -0.187500 -0.187500  0.187500
  -48.392  -20.327  -20.322  -20.322   -9.223    0.923    1.737    1.737    6.953   10.156
   11.119   11.119   12.526   12.526   15.328
           -0.175000 -0.175000  0.175000
  -48.392  -20.326  -20.322  -20.322   -9.239    1.014    1.748    1.748    6.861   10.190
   11.110   11.110   12.513   12.513   15.362
           -0.162500 -0.162500  0.162500
  -48.392  -20.325  -20.321  -20.321   -9.254    1.104    1.760    1.760    6.768   10.232
   11.094   11.094   12.512   12.512   15.376
           -0.150000 -0.150000  0.150000
  -48.392  -20.325  -20.321  -20.321   -9.268    1.193    1.770    1.770    6.674   10.280
   11.073   11.073   12.522   12.522   15.362
           -0.137500 -0.137500  0.137500
  -48.392  -20.324  -20.321  -20.321   -9.282    1.279    1.780    1.780    6.581   10.334
   11.048   11.048   12.542   12.542   15.314
           -0.125000 -0.125000  0.125000
  -48.392  -20.324  -20.321  -20.321   -9.294    1.363    1.790    1.790    6.490   10.392
   11.020   11.020   12.568   12.568   15.232
           -0.112500 -0.112500  0.112500
  -48.392  -20.323  -20.321  -20.321   -9.306    1.442    1.799    1.799    6.401   10.452
   10.991   10.991   12.601   12.601   15.126
           -0.100000 -0.100000  0.100000
  -48.392  -20.323  -20.321  -20.321   -9.316    1.517    1.807    1.807    6.318   10.514
   10.963   10.963   12.636   12.636   15.006
           -0.087500 -0.087500  0.087500
  -48.392  -20.322  -20.321  -20.321   -9.325    1.587    1.814    1.814    6.240   10.576
   10.935   10.935   12.673   12.673   14.883
           -0.075000 -0.075000  0.075000
  -48.392  -20.322  -20.321  -20.321   -9.333    1.650    1.821    1.821    6.169   10.635
   10.910   10.910   12.709   12.709   14.765
           -0.062500 -0.062500  0.062500
  -48.392  -20.322  -20.321  -20.321   -9.340    1.705    1.826    1.826    6.107   10.689
   10.888   10.888   12.743   12.743   14.656
           -0.050000 -0.050000  0.050000
  -48.392  -20.322  -20.321  -20.321   -9.346    1.752    1.831    1.831    6.054   10.738
   10.869   10.869   12.773   12.773   14.562
           -0.037500 -0.037500  0.037500
  -48.392  -20.321  -20.321  -20.321   -9.351    1.789    1.834    1.834    6.011   10.778
   10.853   10.853   12.798   12.798   14.485
           -0.025000 -0.025000  0.025000
  -48.392  -20.321  -20.321  -20.321   -9.354    1.817    1.837    1.837    5.980   10.808
   10.842   10.842   12.817   12.817   14.428
           -0.012500 -0.012500  0.012500
  -48.392  -20.321  -20.321  -20.321   -9.356    1.834    1.839    1.839    5.961   10.827
   10.836   10.836   12.829   12.829   14.393
            0.000000  0.000000  0.000000
  -48.392  -20.321  -20.321  -20.321   -9.356    1.839    1.839    1.839    5.955   10.833
   10.833   10.833   12.833   12.833   14.381
